Desplaz. [mm]	Fuerza [N]
0	0
1.31028E-05	-0.7629
0.0001678	-0.7629
0.023924596	0.7629
0.199740837	0.7629
0.285088243	0.7629
0.5116	1.148794208
0.847438336	1.526
0.968712048	1.526
1.279	1.526
1.525915139	3.052
1.836	3.815
2.184	3.815
2.511	3.815
2.511	3.815
2.911780685	3.815
3.090906534	3.815
3.319	3.815
3.652095834	5.341
3.792	5.341
4.21	5.341
4.440891	5.341
4.537	5.341
4.771046583	6.104
4.962	6.104
4.962	6.104
5.432	6.104
5.464526463	6.104
5.843	6.604290078
6.193416794	6.866
6.358279995	7.629
6.563	7.629
6.808723447	7.629
7.004	7.629
7.294541338	8.392
7.527	8.392
7.885	8.392
8.196	8.392
8.50296634	8.392
8.63	8.392
9.025986981	9.155
9.186	9.155
9.518	9.155
9.83	9.155
9.956348479	9.918
10.27	9.918
10.61947187	9.918
10.68	9.918
11.06638631	10.68
11.49454192	10.68
11.5	10.68
11.91362647	10.68
11.98	11.44
12.35	11.44
12.35	11.44
12.49512315	10.68
12.96	11.29671151
13.29	11.44
13.33810948	11.44
13.92	12.21
14.2583206	12.97
14.4	12.94903765
14.52264594	12.21
14.84	12.74940116
15.25	12.97
15.44848036	12.97
15.55	12.97
15.55	12.21
15.98	12.3811564
16.22881083	12.97
16.43	12.97
16.92603504	13.73
17.18	13.73
17.63785044	13.73
17.87123959	13.73
18	13.73
18.48	14.5
18.61457404	14.5
18.83	14.5
19.06232116	14.5
19.3	15.26
19.63	15.26
19.63	15.26
19.74113062	15.26
20.24615031	15.26
20.48	15.26
20.5199795	15.26
21	15.6718682
21.3293069	16.02
21.45857199	16.02
21.7	16.02
21.7	16.02
22.05503659	16.78
22.24	16.78
22.61	17.28092081
22.92	17.55
22.92	17.55
22.95199246	16.78
23.34	16.78
23.68332493	16.78
23.74	16.78
23.95094793	16.78
24.46071938	17.55
24.53	17.55
24.97	17.55
25.39385896	19.07
25.46	19.07
25.95	18.68737704
26.17	18.31
26.33891035	18.31
26.6	18.31
26.6	18.31
27	18.36795185
27.16274039	19.07
27.41	19.07
27.41	19.07
27.83880943	19.07
28.11549587	19.07
28.25	19.81029326
28.63	19.84
28.63	19.84
28.81859908	19.84
29.05	19.84
29.47	19.84
29.47	19.84
29.70830221	19.84
30.23512085	20.6
30.26	20.6
30.74	20.6
30.87410412	20.6
31.14	20.6
31.14	21.67431139
31.48415433	22.13
31.82	22.13
32.28332197	22.13
32.31	22.13
32.35856881	22.13
32.94	22.13
33.29	22.13
33.38017169	22.89
33.69	22.89
33.9925267	22.89
34.11028698	22.89
34.42	22.89
34.74499444	22.89
34.82	22.89
35.23453219	23.65
35.46724775	23.65
35.6	24.33423697
35.98	24.41
36.4	24.41
36.9	24.41
36.9	24.41
37.37	24.41
37.61	24.41
38.07698871	25.18
38.12	25.94
38.49	25.94
38.84215692	25.94
38.95	25.94
39.32	25.94
39.62284731	25.94
39.67	25.94
39.67	27.47
40.16	27.47
40.16	27.47
40.56	27.47
40.88991357	27.47
40.9	27.47
41.26321422	27.47
41.35	28.23
41.7	28.23
41.7	28.23
41.91021363	28.23
42.18	28.23
42.18	28.23
42.66	28.23
43.01548807	28.23
43.26929938	28.99
43.41	28.99
43.59616706	29.75
43.83	30.52
44.17	30.52
44.17	30.52
44.69180604	30.52
44.97251631	30.52
44.98	30.52
45.4	30.52
45.62544582	30.52
45.78	30.52
45.78	30.84638544
45.92581432	31.28
46.28	31.28
46.29302297	31.28
46.82897451	31.28
47.01	31.69649459
47.33228359	32.04
47.43	32.04
47.43	32.81
47.88951008	32.81
47.9980906	32.81
48.34	32.81
48.68692069	32.81
48.81337779	32.81
49.05	32.81
49.05	33.26031278
49.44362234	33.57
49.48	33.57
49.48	33.57
49.97	33.7615924
50.07963754	35.1
50.46729672	35.1
50.68	35.1
50.73587465	35.1
51.12	35.1
51.13253432	35.86
51.6	36.44927438
51.86118117	37.38
52.09163301	37.38
52.33	37.38
52.51454093	37.38
52.75	37.96439781
53.14	38.15
53.38722882	38.15
53.64	38.15
54.05	38.15
54.05	38.48149219
54.37352981	38.91
54.45	39.67
54.85	39.67
55.19	39.67
55.19	39.67
55.57242763	39.67
55.73	39.67
56.19	39.67
56.48	39.67
56.48	39.67
56.490449	39.67
56.89	40.16347837
57.24	40.44
57.24	40.46022418
57.76402015	41.2
57.78	41.2
58.1290156	41.2
58.48713523	41.96
58.65329579	41.96
58.85	41.96
59.26844716	41.96
59.48141583	42.72
59.75	43.38606635
60.15	43.49
60.36562336	43.49
60.48	43.49
60.74177295	43.49
60.92	43.49
60.92	45.01
61.47	45.01
61.6823827	45.01
61.90804378	45.01
62.12	45.01
62.12	45.78
62.55	45.60350596
62.82044616	45.01
62.96	45.01
62.96	45.26323584
63.12530471	45.78
63.64772439	45.78
63.74	45.78
64.07483126	45.78
64.37728666	46.54
64.58	46.54
64.86694045	47.3
65.29906715	47.3
65.39	47.99767506
65.87	48.07
66.12627152	48.07
66.21	48.07
66.40033416	48.07
66.7	48.72539999
67.14	48.83
67.40096569	48.83
67.45	49.59
67.85	49.59
68.0079987	49.59
68.26	49.59
68.26	51.12
68.8	51.17978849
69.03779797	51.88
69.1	51.88
69.55	51.88
69.55	51.88
69.96	51.88
69.99908715	51.88
70.44	52.5741038
70.73	52.64
70.73	52.64
70.80428719	52.64
71.28	53.17725505
71.6	53.63152951
71.8927821	54.17
71.92	54.17
71.92	54.17
72.41	54.17
72.41	54.46708446
72.69510174	54.93
73.04447419	54.93
73.16	54.93
73.56	54.93
73.96487861	54.93
74	54.93
74.24565903	55.69
74.63473336	55.69
74.8	55.69
75.2	55.69
75.27439216	56.46
75.62	56.46
76.02421093	57.22
76.12	57.98
76.53	57.98
76.82	57.98
77.13932217	58.75
77.27	58.75
77.27	58.75
77.74	58.75
77.89327551	59.51
78.14838315	59.51
78.47	59.51
78.47	59.51
78.89	59.51
79.00012667	59.51
79.28	59.51
79.44434624	60.27
79.77	60.27
80.2	60.27
80.21081571	61.04
80.61	61.5003919
80.97	61.8
80.97	61.8
81.07176129	61.8
81.4	62.45239122
81.79	62.56
81.79	63.29825152
82.24838179	63.32
82.55	63.32
82.69245753	63.32
82.98	63.32
83.36	63.32
83.36	63.32
83.72248366	64.85
84.04339052	65.61
84.28	65.61
84.62	65.61
84.62	65.61
84.93849674	65.61
85.02	65.61
85.47	65.61
85.47	66.36757496
85.79275993	67.14
86.08334932	67.14
86.3	67.14
86.63	67.14
86.77546022	67.14
87.07	67.14
87.56	67.9
87.66482935	67.9
87.93	67.9
88.28	67.9
88.28	68.54529421
88.69	68.68091897
88.91824837	69.43
89.1	69.43
89.53783171	70.19
89.80798658	70.19
89.9	70.19
90.29444991	70.19
90.33	70.19
90.73	70.19
90.73	70.19
91.18852754	70.95
91.32057615	72.48
91.55	72.48
91.71153939	72.48
92.03	73.47138257
92.40486816	74.01
92.44	74.01
92.83	74.01
93.19443683	74.01
93.28	74.01
93.43685863	74.77
93.9418623	74.77
93.98	74.77
94.2592648	74.77
94.49	75.53
94.86	75.53
94.86	75.53
94.86	77.06
95.28195308	76.96228683
95.62	76.29
96.06	76.29
96.146129	76.29
96.43	76.29
96.71853539	77.06
96.91	77.71703237
97.26	77.82
97.6878744	78.58
97.7389743	78.58
98.07	78.58
98.26218584	78.58
98.63	79.16376097
99.04	79.35
99.20224872	79.35
99.36	79.35
99.58621806	80.11
99.73	80.11
100.1	80.11
100.1	80.44074489
100.4485483	80.87
100.6079003	81.63
100.9	81.63
101.0804365	81.63
101.3	81.63
101.3	81.63
101.624089	81.63
101.9	82.33248427
102.3	82.4
102.3100984	82.4
102.7	82.98047848
103	83.16
103.2837533	83.92
103.4	83.30508724
103.8	83.16
104.1291813	83.92
104.3	83.92
104.8	83.92
104.8	84.0189635
104.8	84.69
105.4	84.69
105.6227946	85.45
105.9	85.45
106.2859949	85.45
106.3939399	86.21
106.7	86.21
107.1	86.21
107.1910547	86.98
107.5	86.98
107.9	86.98
107.9	86.98
107.9460181	87.74
108.5	87.12124463
108.8	87.35893194
109.0449481	87.74
109.1	87.74
109.3242293	87.74
109.6	88.38935849
109.9	88.5
109.9	88.78899398
110.1636025	89.26
110.4231617	89.26
110.7	89.26
110.8541178	89.26
111.1	89.26
111.1	90.00881319
111.6	90.03
111.7255363	90.03
112.1	90.03
112.5	90.24328569
112.8	90.79
112.8	90.79
112.8923606	91.55
113.2	91.55
113.4743805	92.32
113.7	91.55
114.1	91.86358383
114.4	92.32
114.4	93.05817043
114.8	93.08
115.0229488	92.32
115.3	92.32
115.3	92.32
115.6124247	93.84
116.2	93.84
116.6653043	93.84
117	94.43126387
117.4	94.6
117.661909	94.6
117.7119741	95.37
118.1	95.62299737
118.4101184	96.13
118.6	96.13
119	96.13
119.2327726	96.13
119.3	96.13
119.3	96.89
119.7	96.89
119.7	96.89
120.0586047	96.89
120.2	97.66
120.6	97.66
121	97.66
121.3458355	98.42
121.4	98.42
121.8	98.42
121.8	97.66
122.3	97.79959387
122.5911281	98.42
122.6	98.42
123.1	98.43953177
123.3277036	99.18
123.4	99.18
123.5170017	99.18
123.9	99.8848126
124.2	99.95
124.3941188	99.95
124.7	100.555204
125.2	100.7
125.490141	100.7
125.5	100.7
125.5719016	100.7
125.9	101.2822932
126.3	101.5
126.3	101.5
126.3	101.5
126.8	101.954901
127.1	102.2
127.2958876	102.2
127.5	102.2
127.9578223	102.2
128.0509625	102.2
128.4	102.548324
128.6219109	103
128.9140322	103
129.1	103
129.2424558	103.8
129.6	103.8
129.9	103.8
129.9	103.8
130.0199454	103.8
130.4	104.3977092
130.8	104.5
131.1659109	104.5
131.4211258	104.5
131.6	104.5
131.9388739	104.5
132	104.5
132.2466764	106
132.5228556	106
132.8	106
132.8	105.6135926
133.2078031	105.3
133.3	105.9785135
133.7	106.1409199
133.9275504	106.8
134	106.8
134.6391598	106.8
134.8	106.8
135.2857132	107.6
135.4029309	107.6
135.6	107.6
135.7642814	107.6
136.4213362	108.3
136.5	109.7375372
136.9	109.9
136.9	109.9
137.2441096	109.9
137.3	109.9
137.661431	109.9
137.9237517	110.6
138.2	110.6
138.5	110.8216547
138.6824896	111.4
138.9	111.4
139.2922162	112.2
139.5	112.2
139.9	112.3594697
140.2	112.9
140.2684318	112.9
140.5	112.9
140.6131902	113.7
141	113.7
141.3441811	113.7
141.4	113.7
141.8878664	114.4
142.1815713	114.4
142.2	115.2
142.7	115.2
142.9587372	115.2
143	115.2
143.4251108	115.2
143.6	115.8481133
143.9625239	116
144.2119992	116.7
144.3381951	116.7
144.6	116.7
144.9290973	118.3
145.1	118.3
145.6	118.3
145.842809	118.3
145.9	118.3
145.934388	118.3
146.3	118.3
146.3	119
146.8	119
146.9771855	119
147.1	119
147.5	119
147.9854874	119.8
148.0308261	120.5
148.4	120.5
148.7	120.5
148.7	120.5
148.7507043	120.5
149.3561109	121.3
149.5	121.3
149.9322624	121.3
150.1130444	122.1
150.4	122.1
150.4	122.2962781
150.4626079	122.8
150.9	122.8
151.2366851	122.8201721
151.4501359	123.6
151.6	123.6
151.8423243	123.6
152	123.6
152.4	123.6
152.779413	124.4
152.9	124.4
153.3	124.6326568
153.5889468	125.1
153.6	125.1
153.7132667	125.1
154	125.1
154.5	125.1
154.9331736	126.6
155.2114197	127.4
155.3	127.4
155.6268499	128.2
155.709313	127.4
156.1	127.4
156.1	128.2
156.6	128.2
156.6	128.2
157.0583983	128.2
157.2158645	128.2
157.4	128.2
157.8	128.2
158.0831453	128.9
158.2	129.7
158.6	129.7
158.6	129.7
159	129.7
159.0527626	129.7
159.4	130.3098706
159.8	130.5
159.8902565	132
160.3	131.5600089
160.6801922	131.2
160.9807273	131.2
161.1	131.2
161.3826325	132.8
161.5076097	132.8
161.8	132.8
161.8	132.8
161.8141745	132.8
162.4	133.1036747
162.7454811	133.5
163.0095568	133.5
163.1	133.5
163.2630853	133.5
163.4	133.5
163.4	133.9704898
163.6707579	134.3
164	134.9043463
164.4	135
164.6720255	135
164.8546393	135
165.1	135
165.2349199	135
165.5	135
165.5391177	135.8
166	136.0745509
166.191845	137.3
166.7	136.6
166.7	136.6
166.7513975	136.6
167.1	136.9476399
167.4652585	137.3
167.5	137.3
167.8919135	138.1
168.2612367	138.1
168.3	138.1
168.5775949	138.9
168.8	138.9
169.2	138.9
169.4372739	138.9
169.6720398	140.4
170	140.4
170.1334387	140.4
170.4	141.004042
170.8	141.1
170.8	141.9
171.3	141.9
171.4154543	141.9
171.7	141.9
171.7	141.9
172.1	142.3685186
172.4	142.7
172.5938924	143.4
172.9	144.2
173.3	144.2
173.5340451	145
173.9969411	145
174	145
174.5	145
174.8438763	145
174.9	145
174.9	145
175.3	145.0889911
175.6041264	145.7
175.7	145.7409719
175.8133215	147.2
176.2	147.2
176.5	147.2
176.7998513	147.2
177.2808254	148
177.4	148.8
177.8	148.8
177.9809996	148.8
178.1	149.4788478
178.6	149.5
178.9540461	149.5
179.1232273	149.5
179.4	149.9862636
179.8	150.3
179.8	150.3
179.8103147	151.1
180.2	151.1
180.4653052	151.1
180.6	151.1
181.1486746	151.8
181.4	151.8
181.8853421	152.6
181.9234221	152.6
182.2	152.6
182.2	153.8203271
182.581952	154.1
182.8044503	154.1
183.1	154.1
183.2773607	154.1
183.5	154.6224611
183.8859547	154.9
183.9	154.9
184.251559	155.6
184.4	155.6
184.8	155.6
184.935466	155.6
185.2	155.6
185.4607115	156.4
185.6	157.2
186	157.2
186.387982	157.2
186.581656	157.9
186.7	157.9
187.0809919	157.9
187.2	157.9
187.5	157.9
187.9856564	159.5
188.0313811	159.5
188.4	159.5
188.5135855	159.5
188.8	160.0309052
189.1885646	160.2
189.443537	161
189.6	161
189.6	161
190	161
190.1102233	161.7
190.6	161.7
190.9	161.7
191.1914429	161.7
191.2	161.7
191.2099051	162.5
191.6	162.5
191.6767925	163.3
192.2152893	163.3
192.4	163.650382
192.6826485	164
192.8	164
192.8	164
193.4	164.2266969
193.6419248	164.8
193.8	165.5329443
194.2	165.6897186
194.4437279	166.3
194.5	166.3
194.743333	166.3
194.9	166.3
195.2655549	166.3
195.3	166.3
195.8	167.1
196.2330252	167.1
196.3	167.1
196.3	167.5589402
196.4064214	167.8
196.9	167.8
197.331939	168.6
197.410263	169.4
197.8	169.4
198.1386404	169.4
198.2918289	169.4
198.6	169.4
198.9451971	170.1
199	170.1
199.3149614	170.9
199.9411635	170.9
200	171.3854664
200.1983022	171.7
200.6	172.0093078
200.9499733	172.4
201.1	171.9745566
201.494162	171.7
201.6694512	172.4
201.9	173.0021385
202.3	173.2
202.3996978	173.2
202.6	173.2
202.930896	174
203.2	174
203.6	174
203.7624114	174
203.9512776	174.7
204.3	174.7
204.3	174.8043397
204.4751435	175.5
204.7	175.5
204.7	175.9939234
205.0908535	176.2
205.3	177
205.6	176.4365934
205.9	176.2
205.9	176.8944174
206.3	177
206.3388205	177
206.8	177
206.8	177
206.8	177.4410766
206.8770815	177.8
207.4672439	177.8
207.6	177.8
208	177.8
208.1338767	178.5
208.4	178.5
208.4	178.5
208.4627824	178.5
208.9	178.5208735
208.9383763	179.3
209.4	179.3
209.7	179.6916729
210	180.1
210.1399819	180.8
210.5	180.8
210.7751545	180.8
211.0674541	181.6
211.2	182.1718675
211.6	182.3
211.6	182.3
212.1	182.3
212.1	182.3
212.5850303	182.3
212.6	183.1
213	183.1
213.2744175	183.1
213.3	183.1
213.6879637	184.6
213.8547199	185.4
214.1	185.4
214.5551717	186.9
214.8818383	186.9
214.9	186.9
215.3	187.0843548
215.5624549	187.7
215.7	187.7
216.1544701	187.7
216.2	188.4
216.7	188.4
216.8968925	188.4
217	188.4
217.0709	188.4
217.4	188.4
217.4	188.843271
217.6370889	189.2
217.8	189.2
218.3	189.2613914
218.4536652	190
218.7076302	190
219	190
219.0517131	190
219.4	190
219.4	190.4830779
219.8571737	190.7
219.9	190.7
219.9	191.5
220.4254492	192.0579294
220.6	192.3
220.6	192.5709333
220.7087897	193
221.2357874	193
221.4	193
221.8241553	193.8
222.2825711	193.8
222.3	193.8
222.7	193.8
222.995855	193.8
223.1	194.5
223.5	194.5
223.7232825	195.3
224.0705716	195.3
224.3	195.3
224.3	195.9161807
224.7522034	196.1
224.9156741	196.1
225.1	196.1
225.1	196.1
225.4612092	196.1
225.5	196.8
226	196.8
226.2431126	196.8
226.3	196.8
226.3134577	197.6
226.8	197.6
226.9188875	197.6
227.2	198.8135134
227.6	199.1
227.6925178	199.1
228	199.1
228.1993608	199.9
228.4	200.7
228.8	200.7
229.3	200.7
229.3515316	201.4
229.7	201.4
230.1	201.5872995
230.3584395	202.2
230.4	202.2
230.8036198	202.9
230.9	202.9
231.3311512	202.9
231.6742041	202.9
231.7102189	202.9
232.1	202.9
232.2142587	202.9
232.5	202.9
232.8626409	202.9
232.9	202.9
233.3018883	204.5
233.486205	204.5
233.7	204.5
233.8704232	205.2
234.2	205.9315551
234.5	206
234.9869661	206.8
235.2810875	206.8
235.4	206.8
235.787888	206.8
235.9164694	206.8
236.1	206.8
236.1394391	206.8
236.6	206.8
236.7959839	208.3
237.2485305	208.3
237.4	208.6787153
237.7039097	209
237.8	209.8
238.2	209.8
238.4191975	209.8
238.6	210.5744658
239	210.6
239.0127055	210.6
239.5	210.6
239.8170898	210.6
239.9539544	210.6
240.2	210.6
240.2	211.3
240.7	211.3
240.8382146	211.3
241.1	211.952265
241.5	212.1
241.6461776	212.1
241.8	212.1
241.8	212.6658341
242.2546749	212.9
242.4686219	212.9
242.7	212.9
242.7653138	213.6
243.2	213.6
243.5	213.6
243.721436	214.4
243.9	214.4
