Desplaz. [mm]	Fuerza [N]
0	0
3.30555E-05	0
0.00008392	0
0.004237919	2.289
0.02283	8.230296143
0.04297	14.7896867
0.073380888	20.6
0.079133729	38.15
0.1115	51.51470813
0.1452	52.64
0.167887039	60.27
0.1904	60.27
0.232955652	67.14
0.257201821	74.01
0.2679	74.01
0.301569202	93.84
0.321084712	111.4
0.3554	124.7166798
0.3905	128.9
0.421321932	154.1
0.456984687	170.9
0.4713	170.9
0.4713	192.3
0.5129	197.3489928
0.541931906	214.4
0.5539	214.4
0.580612408	233.5
0.5947	233.5
0.5947	264.7
0.6632	270.9711891
0.682	282.8558681
0.7165	291.4
0.726127219	310.5
0.7581	310.5
0.8208	337.2
0.831129409	356.3
0.875221725	363.2
0.880056464	380.7
0.9206	380.7
0.941896633	401.3
0.9744	414.7776154
1.017857908	422.9112508
1.042	429.5
1.092	447.1
1.095134209	463.9
1.133	471.2814203
1.171	476.1
1.20215443	489.8
1.218296511	505.1
1.247	505.1
1.2834635	521.1
1.295	521.1
1.331580162	540.2
1.343	554.7
1.383	559.5360693
1.410470237	566.9
1.432207066	579.1
1.452	579.1
1.452	589.3562778
1.492	593.6
1.493106011	608.8
1.534	608.8
1.534	630.2
1.584144053	631.3017661
1.614	636.3
1.614	653.8
1.662	658.066166
1.696110404	666
1.697	666
1.71216909	682.8
1.75	682.8
1.76739111	705.7
1.825729866	711.1
1.841993607	723.3
1.86	731.6140214
1.896412351	737
1.902	737
1.910085151	757.6
1.974842239	763.7
1.983	771.3976969
2.013976774	779
2.033673055	791.2
2.065	791.2
2.074787855	806.4
2.117	814.4472579
2.153	817.9
2.169695625	829.3
2.187	829.3
2.187	840.5723402
2.232	842.3
2.261542454	859.8
2.291	870.2069912
2.323	874.1940064
2.338462247	883.5
2.370915125	891.9
2.391	899.7164809
2.428991789	904.1
2.432	904.1
2.443580339	917.1
2.481	917.1
2.481	928.0814412
2.512110268	933.8
2.554	937.7
2.554	952.1
2.604	953.7765423
2.633429823	961.3
2.636	961.3
2.63740802	975
2.692	979.6619956
2.719	982.7
2.719	995.6
2.773	997.4813269
2.795940487	1006
2.808	1008.106772
2.825480488	1017
2.853	1027
2.888	1031.297912
2.922	1035
2.922	1039.461664
2.942877949	1045
2.964	1045
2.964	1045
3.007014273	1059
3.021	1067.911054
3.068	1070
3.081467929	1078
3.11363906	1083
3.126	1083
3.169261016	1094
3.183755442	1101
3.209	1101
3.209	1112.670774
3.253262634	1113
3.281484638	1119
3.299840363	1126
3.332	1126
3.332	1126.220601
3.345282783	1134
3.379	1138.01195
3.409458827	1142
3.428336793	1148
3.457	1148
3.457	1148
3.500774127	1158
3.530117069	1163
3.54	1170.38136
3.574007441	1171
3.583	1179
3.629	1179.150693
3.644642303	1185
3.664	1189.565266
3.695840438	1191
3.699	1191.167591
3.704258278	1197
3.74	1197
3.74	1203.485726
3.781688806	1205
3.788	1205
3.822962775	1212
3.857983346	1216
3.862	1221.837238
3.904	1222
3.911266493	1228
3.944	1228
3.944	1229.955287
3.995538913	1235
4.012868602	1240
4.026	1240
4.039332038	1246
4.073	1248.421848
4.111958116	1250
4.117508586	1254
4.149	1254
4.158192605	1260
4.189	1262.401478
4.220243217	1264
4.23	1264
4.271583655	1270
4.289501371	1274
4.312	1274
4.348564957	1280
4.370519963	1284
4.4	1285.664425
4.432226483	1287
4.435	1287
4.461205749	1291
4.475	1295
4.515	1295
4.55478139	1301
4.596118224	1302
4.605701167	1306
4.638	1307.796396
4.667318066	1309
4.683	1309
4.714930286	1315
4.745581812	1316
4.76	1319.433774
4.801	1320
4.804211129	1323
4.842	1323
4.842	1327
4.891	1327
4.928497839	1329
4.947996496	1332
4.965	1332
4.968681772	1335
5.013	1336.193948
5.044397889	1338
5.055	1340
5.093	1340
5.094464775	1344
5.155383252	1344.97386
5.169	1345
5.169	1348.803452
5.203666065	1350
5.222	1351
5.258	1351
5.258	1353.60402
5.292773366	1354
5.316798715	1355
5.339	1357.396815
5.373	1358
5.400842551	1360
5.419	1360
5.46026753	1363
5.467	1364.948614
5.512	1365.184261
5.538796944	1366
5.545	1366
5.549961631	1368
5.583	1368.990456
5.618409371	1370
5.624	1370
5.624	1373
5.671	1373
5.671	1375.476377
5.711907455	1376
5.741	1376.02669
5.765530035	1377
5.783	1378.844805
5.823	1379
5.823	1379.896874
5.844562898	1381
5.871	1381
5.928	1383
5.928	1386.455457
5.953019323	1387
5.993	1387.477275
6.006973362	1389
6.044	1390.732447
6.081	1391.231942
6.099362546	1392
6.121960038	1393
6.149	1393
6.168107969	1395
6.205	1396.616085
6.244482934	1397.187937
6.272	1398
6.281646445	1399
6.314	1401.086128
6.355	1402
6.374264197	1403
6.403	1403
6.403	1403
6.423526237	1405
6.470501488	1406
6.483	1407
6.517	1407.080261
6.537153841	1408
6.563	1409.623999
6.604381132	1410
6.608	1410.809796
6.645	1411
6.676929933	1413
6.700950319	1414
6.722	1415.624134
6.766781186	1416
6.768	1416
6.769274667	1417
6.817	1417.911257
6.844	1418
6.881650084	1419
6.885	1419
6.899048704	1421
6.934	1422.417371
6.975	1423
6.992771319	1425
7.008	1425.975065
7.049	1426
7.049	1426.342342
7.073281549	1427
7.09	1427
7.09	1428
7.136	1428
7.144144152	1430
7.209394985	1431
7.218	1432
7.252	1432
7.283983415	1432
7.294	1432
7.294	1433.215894
7.325080225	1434
7.347	1435.312224
7.386597476	1436.086962
7.415	1437
7.422960808	1437
7.457	1437
7.460788903	1439
7.505	1439.70118
7.542	1440
7.553846915	1441
7.584	1441
7.590044731	1443
7.628	1443
7.667	1443
7.699378775	1445
7.725879996	1446
7.748	1446.858646
7.784	1447
7.825	1448
7.825	1448
7.873	1449
7.873	1450
7.918	1450.600153
7.952	1451.051537
7.971939399	1453
7.988	1453
7.988	1453.974568
8.035	1454.130917
8.050784907	1455
8.075	1455
8.106538815	1456
8.123	1456.552275
8.13690807	1457
8.184	1458.006646
8.204377179	1459
8.239	1459.705696
8.273	1460
8.319872395	1463
8.348307824	1463
8.355	1464
8.397	1464.570204
8.426067954	1466
8.438	1466
8.505222517	1467.130574
8.527	1468.226618
8.56	1469
8.56525351	1469
8.6	1469.766136
8.627170899	1471
8.649	1472
8.691	1472
8.692242586	1472
8.735	1472.756071
8.764	1473
8.764	1474.559643
8.812	1475
8.831385437	1476
8.861819749	1476
8.892	1476
8.892	1476.280351
8.919077686	1477
8.928	1478
8.969	1478
9.007908015	1479
9.017	1479
9.042439397	1480
9.082042554	1481
9.09	1481.796257
9.132	1482
9.171953866	1483
9.173	1483
9.173	1483.026491
9.229	1484
9.240509157	1485
9.263	1485
9.296	1485
9.323715947	1486
9.342	1486.919803
9.381	1487
9.388449074	1488
9.421	1488
9.421	1488.49461
9.435469531	1490
9.473	1490
9.506	1490.281973
9.531049957	1491
9.547	1491
9.597	1492
9.621357214	1492
9.622	1493
9.667	1493
9.706948888	1495
9.708	1495
9.752	1495
9.766986362	1498
9.815424396	1498
9.826	1498.866396
9.863889445	1499
9.867	1499
9.905335404	1500
9.912	1500
9.956877468	1500
9.958	1500
9.958	1501
10.01053381	1501
10.03	1501.176211
10.05610477	1502
10.07	1502
10.07	1503
10.11	1503
10.16845349	1505
10.19	1505
10.19	1505
10.24	1505.133002
10.26348442	1506
10.28	1506
10.28	1506.535936
10.30844481	1507
10.32	1507.867125
10.36	1508
10.38174387	1508
10.4	1508
10.40131576	1510
10.45	1510.5517
10.4762509	1511
10.49	1511
10.49	1511
10.53	1511
10.56	1511.841445
10.58197588	1514
10.6	1514
10.63536894	1514
10.65	1514
10.68	1514
10.68	1515.944936
10.71918295	1516
10.74839862	1517
10.77	1517
10.81	1517
10.82137069	1518
10.85	1518
10.88220789	1518
10.91026007	1519
10.93	1519
10.93	1519
10.96242626	1519
10.97	1521
11.01	1521
11.01	1521
11.04801676	1521
11.06	1521
11.10856535	1521.179125
11.13	1522
11.13	1522
11.18	1522.127667
11.20319333	1523
11.21	1523
11.21	1523.553174
11.22952084	1524
11.26	1524.863893
11.3	1525
11.32633461	1525
11.34	1526
11.38	1526
11.41033675	1526
11.42	1526
11.42	1526
11.42	1527
11.45872839	1527
11.50073985	1528
11.51386936	1528
11.54	1528.331818
11.56651841	1529
11.58	1529
11.58	1530
11.64	1530
11.67	1530
11.69607317	1530
11.71	1531
11.75	1531.025273
11.76993282	1532
11.79	1532
11.79	1532
11.79893976	1532
11.84	1532
11.87	1532
11.90793619	1534
11.92	1534
11.96	1534
11.96	1534
12	1534
12.01987242	1535
12.04	1536
12.07	1536
12.07	1536
12.11	1536
12.12404651	1537
12.17	1537
12.18678963	1537
12.2361719	1538
12.24	1538
12.28	1538
12.29786468	1539
12.32	1539
12.3553702	1539
12.37	1539
12.37128181	1540
12.42668921	1540
12.44	1540
12.48	1540
12.52055813	1541
12.53	1543
12.58	1543
12.58505704	1543
12.62579427	1543
12.64	1543
12.65455722	1543
12.69	1543.703819
12.73	1544
12.73	1544.710451
12.7626136	1545
12.78	1545
12.81	1545
12.84462436	1545
12.85	1545
12.88011406	1546
12.89	1546
12.94	1546
12.96534515	1546
12.9969039	1547
13.02	1547
13.05	1547
13.09047986	1547
13.1	1547
13.15839347	1548.181378
13.17731056	1549
13.18	1549
13.22	1549.18817
13.24146361	1550
13.26	1550
13.26	1550
13.28856006	1550
13.3	1550
13.34	1550
13.34	1550
13.35409243	1550
13.39	1550.810606
13.43	1551
13.44352015	1552
13.47	1552
13.47	1552
13.48984946	1552
13.52	1552
13.56601555	1552.335129
13.58	1553
13.60498488	1553
13.63	1553
13.67	1553
13.67463138	1553
13.73992415	1554
13.75	1554
13.79	1554
13.79448564	1554
13.83	1554
13.84706969	1555
13.88	1555
13.88	1555.495937
13.90946798	1556
13.94794568	1556
13.96226547	1556
13.99	1556
14.01962959	1556
14.04	1556
14.04963449	1556
14.09	1556
14.12276395	1556.021592
14.14340918	1557
14.16	1557
14.2	1557
14.25	1558
14.27195654	1558
14.29	1558
14.29	1558
14.32004065	1558
14.35	1558
14.36701369	1558.129887
14.41	1559
14.44461626	1559
14.46064103	1559
14.48	1558.027731
14.52	1558
14.52	1558.779647
14.56571675	1559
14.58775692	1559
14.61	1559
14.61	1559
14.64270496	1559
14.67316312	1559
14.69	1559
14.73	1559
14.75494289	1559
14.78	1559.601217
14.81680009	1560
14.83916035	1560
14.85	1560
14.87835977	1560
14.89	1560
14.93	1560
14.96772863	1560
14.98	1560
14.98	1561
15.02813541	1561
15.06	1561
15.06523819	1561
15.1	1561
15.14	1561
15.14128371	1561
15.19	1561
15.22895409	1561
15.24021569	1561
15.26	1561
15.26	1561.810198
15.3	1562
15.30106398	1561
15.34	1561
15.38552682	1562
15.4149013	1562
15.43	1562
15.46	1562
15.46	1562
15.51	1562
15.53384851	1562
15.55	1562
15.55	1562
15.595517	1562
15.63	1562
15.64140245	1563
15.67	1563
15.67	1563
15.69755087	1563
15.72	1563
15.75	1563
15.76749213	1563
15.79	1563
15.80167556	1563
15.84	1562.399067
15.88	1562
15.90006749	1562
15.92	1562
15.92	1562
15.96	1562
15.98850069	1562
16	1563
16.04	1563
16.05370477	1563
16.08	1563
16.13	1563
16.13	1562.395153
16.16	1562
16.18566408	1562
16.2	1562
16.20715932	1562
16.24	1562
16.27690734	1562
16.28	1562
16.28	1562
16.28462831	1562
16.34361265	1561.187032
16.36	1561.489494
16.40330515	1562
16.41	1562
16.45	1561.665429
16.47833073	1561
16.49	1561
16.52792099	1561
16.54	1561
16.58	1561
16.61	1561
16.61	1561
16.66	1561
16.66514529	1561
16.7	1561
16.74	1561
16.75660906	1561
16.77	1561
16.80689234	1560
16.81	1560
16.81901089	1560
16.86	1560
16.874101	1559
16.91788066	1559
16.93	1559
16.98	1559
16.98309706	1559
17.02	1559
17.02	1559
17.04559654	1559
17.080165	1559
17.1	1559
17.1	1559
17.14	1559
17.1537001	1558
17.18	1558
17.23	1558
17.2352915	1557
17.27	1557
17.31	1557
17.31	1557
17.32713227	1557
17.37	1556.577833
17.38497758	1556
17.44	1556
17.46618902	1556
17.4917696	1555
17.51	1556
17.55	1556
17.55	1556
17.55127652	1554
17.6	1554
17.62960947	1554
17.66338674	1553
17.68	1553
17.6937587	1554
17.72	1554
17.75	1553.770435
17.76330546	1553
17.79	1553
17.79	1553
17.84	1553
17.84	1553
17.88049369	1552
17.89226667	1551
17.92	1550.352916
17.95	1550
17.95	1550
17.95	1550
18.01	1550
18.02355825	1549
18.04	1548
18.08	1548
18.08	1547
18.12	1546.923536
18.12899188	1546
18.17	1546
18.18486086	1544
18.23258736	1543
18.25	1543
18.28	1543
18.32870542	1541
18.33	1540
18.38	1540
18.40285076	1538
18.4131419	1537
18.45	1537
18.45928134	1102
