Desplaz. [mm]	Fuerza [N]
0	0
2.38109E-05	0
0.00008392	0
0.007385	0
0.009664868	0
0.03676	0
0.0658	0
0.0658	0
0.10058191	0
0.1036	0
0.134666274	0.7629
0.1506	0.7629
0.1863	0.7629
0.1863	0.7629
0.2352	0.7629
0.266563657	0.7629
0.281069457	0.7629
0.3054	0.7629
0.3054	0.7629
0.3479	0.7629
0.357692657	0.7629
0.4017	0.981671429
0.412884663	1.526
0.459718694	1.526
0.4687	1.526
0.477502071	2.289
0.5171	2.289
0.552208161	2.289
0.5578	2.289
0.586777624	2.289
0.6061	2.289
0.6403	2.289
0.665511746	2.289
0.6763	2.289
0.685355189	3.052
0.7153	3.052
0.764115726	3.052
0.776507116	3.052
0.8045	3.815
0.8381	3.815
0.841629104	3.815
0.8837	3.815
0.919	3.815
0.925246068	3.815
0.9661	3.815
1.001	3.815
1.002097883	4.578
1.043	4.361005531
1.074584233	3.815
1.082	3.815
1.082	4.578
1.133	4.578
1.133	4.578
1.183585609	4.716653714
1.206	5.341
1.21517052	5.341
1.246	5.341
1.287614826	6.104
1.294	6.104
1.337	6.104
1.364325239	6.104
1.369	6.104
1.409	6.104
1.409	6.104
1.409	6.104
1.459244183	6.104
1.48	6.239455315
1.48	6.866
1.548	6.866
1.555918768	6.866
1.607	6.866
1.640206452	6.866
1.655	6.866
1.6841028	6.866
1.694	7.629
1.738	7.629
1.751585626	7.629
1.778	6.969044067
1.818	6.866
1.838173305	7.629
1.889017468	6.866
1.899	7.288738454
1.933142056	7.629
1.942	7.629
1.98	7.687449069
1.994363463	8.392
2.022	8.392
2.022	8.392
2.06060083	8.392
2.08149584	8.392
2.103	8.392
2.111805895	8.392
2.152	8.392
2.181313131	8.392
2.188	8.392
2.228	8.392
2.228	9.155
2.29515848	9.155
2.309	9.155
2.34798483	9.155
2.349	9.155
2.394141063	9.155
2.409204242	9.155
2.437	9.155
2.437	9.918
2.487	9.918
2.511837351	9.918
2.514	9.918
2.538223092	9.918
2.554	9.918
2.594	9.918
2.594	9.623290356
2.611212571	9.155
2.645	9.155
2.677	9.155
2.677	9.608076899
2.713373921	9.918
2.731110031	9.918
2.757	9.918
2.79295404	9.918
2.8145134	9.918
2.844	9.918
2.88	9.918
2.88	9.918
2.89201417	10.68
2.923	10.68
2.961	10.68
2.961	10.68
2.974090494	10.68
3.008	10.68
3.046	10.68
3.056739473	10.68
3.083	10.68
3.083	11.44
3.125	11.44
3.175584367	11.44
3.186483361	11.44
3.216	11.44
3.249	11.44
3.269169544	11.44
3.294	11.44
3.33	11.44
3.356998553	12.21
3.379	12.21
3.419	12.21
3.450186836	12.21
3.451	12.21
3.478061376	12.21
3.5	12.21
3.536	12.21
3.564462863	12.97
3.602627074	12.97
3.617	12.97
3.655008482	12.97
3.656	12.21
3.697	12.21
3.697	12.21
3.745381572	12.97
3.765	12.36014527
3.81	12.21
3.81	12.97
3.820164588	12.97
3.886	12.97
3.916079116	13.10515697
3.939480846	13.73
3.943	13.73
3.983	13.73
4.000990485	13.73
4.024	13.73
4.054453374	13.73
4.07	14.2626206
4.110929652	14.5
4.121762334	14.5
4.148	14.5
4.179811821	14.5
4.187	14.5
4.187	14.5
4.229	14.5
4.274788709	14.5
4.276	14.5
4.319	14.63976177
4.339449461	15.26
4.35	15.26
4.386344337	15.26
4.392	15.26
4.432	15.26
4.452025905	15.26
4.491	15.26
4.523	15.26
4.544827405	15.26
4.56	15.26
4.595	15.26
4.595	15.26
4.633307386	16.02
4.644886302	16.02
4.679	16.02
4.685024985	16.02
4.726	16.02
4.760747162	16.02
4.766872736	16.02
4.799	16.02
4.846	16.02
4.86071129	16.78
4.904773016	16.78
4.922	16.78
4.960929325	16.78
4.973183329	16.78
5.011	16.78
5.028489657	16.78
5.051	16.78
5.057617868	16.78
5.102	16.78
5.126	17.03501673
5.159244017	17.55
5.167	17.55
5.167	17.55
5.204121445	17.55
5.217	17.55
5.26	17.55
5.290178411	17.55
5.291	17.55
5.330884647	17.55
5.332	18.31
5.373	18.31
5.410332375	18.31
5.446205285	18.31
5.455	18.8877792
5.500535649	19.07
5.514645504	19.07
5.534	19.07
5.579176166	19.07
5.583	19.07
5.63	19.07
5.658	19.07
5.669190214	19.07
5.706	19.44499576
5.745959157	19.84
5.752010969	19.07
5.786	19.07
5.833751654	19.84
5.849462818	19.84
5.864	19.84
5.903	19.84
5.904089493	19.84
5.945	19.84
5.945	19.84
5.96169265	19.84
5.995	20.4510952
6.032	20.4383169
6.056004794	19.84
6.066	20.6
6.106	20.6
6.106	20.6
6.132569814	20.6
6.15	20.6
6.19	20.6
6.223975747	20.6
6.238909257	20.6
6.272	20.6
6.272	20.6
6.314	20.6
6.314	21.36
6.358	21.36
6.399467263	21.36
6.420558723	21.36
6.443	20.66079834
6.474	20.6
6.505496893	20.6
6.522	20.6
6.553956712	21.36
6.571	21.36
6.615	21.36
6.638	21.36
6.638	22.06974446
6.687	22.13
6.725780582	22.13
6.729	22.13
6.749510448	22.13
6.780835709	22.13
6.803	22.13
6.82321795	22.13
6.843	22.13
6.884	22.13
6.884	22.13
6.926563924	22.13
6.933	22.13
6.958468891	22.89
7.001013552	22.89
7.005	22.89
7.046	22.89
7.046	22.89
7.088007396	22.89
7.098	22.89
7.138	22.89
7.162393577	22.89
7.178	23.65
7.209	23.65
7.209	23.65
7.246830826	23.65
7.25	23.65
7.28420916	23.65
7.302847326	23.65
7.335	23.65
7.371823493	23.65
7.373	23.65
7.373	23.65
7.422	23.65
7.434261438	23.65
7.464	23.65
7.464	23.65
7.507401548	23.65
7.534458601	23.65
7.536086324	23.65
7.578	23.65
7.619	25.18
7.624439906	23.65
7.661	23.65
7.716328746	25.18
7.747	25.18
7.760245473	25.18
7.781	25.18
7.822	25.18
7.822	25.18
7.86744138	25.18
7.902166656	25.18
7.906	25.18
7.953	25.19914159
7.974036296	25.94
7.988	25.94
8.027	25.94
8.059908266	25.18
8.073296435	25.94
8.109	25.94
8.109	25.94
8.109	25.94
8.157	25.94
8.18385369	25.94
8.198	25.94
8.235301738	25.94
8.265876202	25.94
8.272	26.7
8.312	26.7
8.33948339	26.7
8.354	26.7
8.384884004	26.7
8.401	26.7
8.41342493	27.47
8.467099428	27.47
8.474	26.7
8.516	26.76028427
8.538393427	27.47
8.557	27.47
8.557	27.47
8.600722953	27.47
8.617285328	27.47
8.641	27.47
8.669584007	27.47
8.689	27.47
8.724	27.47
8.752409534	27.47
8.764	27.47
8.805441538	27.47
8.823043167	28.23
8.845	28.23
8.845	28.23
8.894	28.23
8.923485133	28.23
8.926	28.23
8.926	28.23
8.975	28.23
9.007893002	28.23
9.023367257	28.23
9.049	28.23
9.056700136	28.99
9.089	28.99
9.119463629	28.99
9.13	28.99
9.157308914	28.99
9.18	28.99
9.218	28.99
9.233257116	28.99
9.252	28.99
9.264073266	29.75
9.295	29.75
9.30850355	29.75
9.343	29.32715351
9.377842903	28.99
9.38597388	28.99
9.423	29.48955514
9.456	29.75
9.456	29.75
9.456	29.75
9.498	29.75
9.49958501	29.75
9.56	29.75
9.58	29.75
9.602696518	29.75
9.622	29.75
9.659485543	29.75
9.668	29.75
9.707	29.75
9.707	29.75
9.758	30.52
9.768978062	30.52
9.786	30.52
9.84	30.52
9.891196505	30.52
9.899	30.52
9.918151479	30.52
9.955	30.85166195
9.988	31.28
9.995433665	31.28
10.03	31.28
10.03	31.28
10.06771713	31.28
10.08	32.01951944
10.1287381	32.01991098
10.1527677	31.28
10.16075609	31.28
10.19	31.28
10.19	31.28
10.23	31.28
10.23	31.98115284
10.28191159	32.04
10.29	32.04
10.33	32.04
10.35599715	32.04
10.36101107	32.04
10.4	32.04
10.43459592	32.04
10.44	32.04
10.49	32.04
10.49	32.04
10.49126928	32.81
10.54354701	32.81
10.56	32.81
10.56	32.81
10.56642369	32.81
10.61	32.81
10.64676044	32.81
10.65	32.81
10.65	32.81
10.68797419	32.81
10.71586202	33.57
10.72	32.81
10.77	32.81
10.77881643	32.81
10.8	32.81
10.8	32.81
10.85531265	33.57
10.88765864	33.57
10.89	33.57
10.93	33.57
10.93716635	33.57
10.97	33.57
10.99745881	33.57
11.02	33.57
11.05545694	33.57
11.08278944	33.57
11.09	33.57
11.10438952	33.57
11.14	33.9508936
11.17410438	34.33
11.18	34.27087062
11.20176355	33.57
11.22227692	34.33
11.25	34.33
11.27826307	34.33
11.29	34.33
11.34	35.1
11.35146822	34.33
11.38	34.58914912
11.40436384	35.1
11.43271997	35.86
11.46	35.86
11.47023388	35.86
11.5	35.86
11.54	35.86
11.54	35.86
11.56989744	35.86
11.59	35.86
11.59	35.86
11.63291896	35.86
11.66829228	35.86
11.67381466	35.86
11.7	35.86
11.7344525	35.86
11.74	35.86
11.74	35.86
11.77217249	35.86
11.8	36.62
11.84	36.62
11.86279961	36.62
11.87	36.62
11.87313938	36.62
11.91	36.62
11.93820718	36.62
11.95	36.62
11.95778678	38.15
12.01460811	36.62
12.03	37.63045535
12.06899744	38.15
12.07522478	38.15
12.11	38.15
12.11	38.15
12.16222861	38.15
12.17	38.15
12.22	38.15
12.23	38.15
12.24392044	38.15
12.28	38.15
12.31679216	38.91
12.32	38.91
12.32133169	38.91
12.37685789	38.91
12.4	38.91
12.42619395	38.91
12.44	38.91
12.44	38.91
12.45739129	38.91
12.50359145	38.91
12.52	38.91
12.52	39.67
12.57845542	39.67
12.6	39.67
12.61172342	39.67
12.64	39.67
12.68872463	39.67
12.69	39.67
12.69	39.67
12.71432479	39.67
12.75495019	40.44
12.77	39.82466055
12.81	39.67
12.8237206	39.67
12.85	39.67
12.85	39.67
12.87637956	39.67
12.91	40.44
12.94	40.44
12.94	40.44
12.96707828	40.44
13.02	40.44
13.02382745	41.2
13.07	41.2
13.11	41.2
13.12176018	41.2
13.14	41.2
13.18	41.41631624
13.19655967	41.96
13.21	41.96
13.21	41.96
13.21160459	41.96
13.27	41.82510715
13.28798208	41.2
13.32739209	41.2
13.34	41.2
13.34647748	41.96
13.39	41.96
13.43	41.96
13.43	41.96
13.4676896	41.96
13.49735551	41.96
13.5	41.96
13.54	41.96
13.57470144	41.96
13.58	41.96
13.58	42.66053556
13.62449433	42.72
13.64076242	41.96
13.67	42.44949915
13.71	42.72
13.71	42.72
13.75	42.72
13.75508978	42.72
13.79	42.72
13.79923817	42.72
13.83	43.29810938
13.88	43.49
13.89818186	42.72
13.91	42.72
13.91	43.42989613
13.96	43.49
13.97003944	42.72
13.99	42.72
14.00386699	42.72
14.05564978	43.49
14.07	43.49
14.11869902	43.49
14.1237611	43.49
14.15	43.49
14.19055706	43.49
14.2	43.49
14.24	43.49
14.27431694	43.49
14.28	43.49
14.29118038	43.49
14.32	43.49
14.32	43.85991918
14.34736996	44.25
14.37	44.25
14.41	44.25
14.4392267	44.25
14.44305407	44.25
14.48	44.25
14.49136073	44.25
14.52	44.86735229
14.56	45.01
14.57398833	45.01
14.62	45.01
14.65	45.01
14.68	45.01
14.68	45.01
14.72873138	45.01
14.73	45.01
14.74201659	45.01
14.78	45.01
14.81	45.3566901
14.84472529	45.78
14.85516536	45.01
14.89	45.01
14.93328229	45.01
14.94	45.01
14.99	45.35170008
15.01	45.78
15.0423434	45.78
15.05311658	45.01
15.09	45.01
15.09	45.31808341
15.12517987	45.78
15.15	45.78
15.18	45.78
15.21893384	45.78
15.23418663	45.78
15.26	45.78
15.28002012	45.78
15.3	45.78
15.33259583	46.54
15.35	45.78
15.39	45.78
15.4191653	45.78
15.42	45.78
15.4292173	46.54
15.46	46.54
15.46153287	46.54
15.52	46.54
15.54371373	46.54
15.57733585	46.54
15.58	47.3
15.63	47.3
15.66018252	47.3
15.67	47.3
15.71	47.3
15.74892124	47.3
15.75	47.3
15.76542557	47.3
15.79	47.3
15.83	47.3
15.83	47.3
15.83901662	47.3
15.88	47.3
15.90485635	47.3
15.93681304	47.3
15.95	47.3
15.97603292	47.3
15.99	48.07
16.03	48.07
16.05790204	48.07
16.08741172	48.07
16.12	48.07
16.1462464	48.83
16.16	48.83
16.2	48.83
16.2352834	48.83
16.26668357	48.83
16.28	48.83
16.33	48.83
16.34622374	48.83
16.36	48.83
16.38190493	48.83
16.4	48.83
16.4	48.83
16.45841622	48.83
16.47736058	48.83
16.48099836	48.83
16.52	48.83
16.57	48.83
16.58130302	48.83
16.61	48.83
16.62949309	48.83
16.67180092	48.83
16.69	48.83
16.73	48.83
16.74141723	49.59
16.77	49.59
16.78741769	49.59
16.82	49.59
16.82882744	48.83
16.88105645	49.59
16.89	49.59
16.93	49.41524953
16.96019944	48.83
16.97	48.83
17.00464595	49.59
17.01	49.59
17.06	49.59
17.1	49.59
17.1	49.59
17.12828938	49.59
17.14	49.59
17.18	49.59
17.18	49.59
17.18	49.59
17.2257486	49.59
17.26	49.59
17.26911672	49.59
17.3	49.59
17.3	49.96669126
17.34583214	50.35
17.35	50.35
17.4	50.35
17.42	50.35
17.44611923	50.35
17.46	50.35
17.46750467	50.35
17.5	50.35
17.55	50.35
17.55	50.35
17.56441366	50.35
17.6	50.35
17.63	50.61154831
17.66892033	51.12
17.67	51.12
17.67922995	51.12
17.71	51.12
17.75	51.12
17.76386014	51.12
17.79	51.12
17.79	51.88
17.84	51.88
17.88	51.88
17.91	51.88
17.91	51.88
17.93351999	51.88
17.99508554	51.88
18	52.64
18.04	52.58212245
18.05598899	51.88
18.08	52.45867356
18.12	52.64
18.13365737	52.64
18.16	52.64
18.18203769	52.64
18.2	52.64
18.21997689	52.64
18.25	52.64
18.2722289	52.64
18.3	52.64
18.35846679	52.64
18.36	53.41
18.4	53.41
18.40933521	52.64
18.44	52.64
18.47529894	52.64
18.49	53.30746804
18.53	53.41
18.54576667	53.41
18.57	53.41
18.61	53.41
18.61102904	53.41
18.65	53.41
18.66675835	53.41
18.7	54.0688999
18.73	54.17
18.75015934	54.17
18.77	54.17
18.79510943	54.17
18.82	54.17
18.85453827	54.17
18.86	54.17
18.86	54.93
18.91	54.93
18.92942147	54.93
18.93	54.93
18.97	54.93
18.99528029	54.93
19.02	54.93
19.03161352	54.93
19.06	54.93
19.1	54.93
19.11993711	54.93
19.14	54.93
19.18	54.93
19.2129135	54.93
19.23	54.93
19.26	54.93
19.30338395	54.93
19.31385087	54.93
19.34	54.93
19.35762762	54.93
19.38	54.93
19.43510661	55.69
19.44	55.69
19.47894536	55.69
19.5	55.69
19.50641918	55.69
19.55	55.69
19.57121223	55.69
19.59	55.69
19.63069057	55.69
19.65178721	55.69
19.67	55.69
19.67	55.69
19.70896017	55.69
19.71	55.69
19.71	55.69
19.75342016	55.69
19.76	55.69
19.8	55.69
19.83264152	56.46
19.86101096	56.46
19.87	56.46
19.91	56.46
19.91	57.22
19.96	57.22
19.98221784	57.22
20.02961863	57.22
20.04	57.22
20.0787696	57.22
20.08	56.46
20.12	56.46
20.12	56.46
20.1397292	57.22
20.17	57.22
20.21	57.22
20.2150838	57.22
20.25	57.59982266
20.28	57.98
20.28	57.48007928
20.32	57.22
20.35785016	57.98
20.37	57.98
20.37689561	57.98
20.4	57.98
20.44059547	57.98
20.45	57.98
20.45	57.98
20.49	57.98
20.50593716	57.98
20.53	57.98
20.53	57.98
20.56897822	57.98
20.57	57.98
20.59264139	57.98
20.62	57.98
20.65	57.98
20.67	57.98
20.69	57.98
20.69	57.98
20.71197949	57.98
20.74	57.98
20.74	58.68954771
20.77543559	58.75
20.8141343	58.75
20.82	58.75
20.85	58.75
20.87238491	58.75
20.9	58.75
20.9	58.75
20.943451	58.75
20.97116112	58.75
20.98	58.75
21.02	58.75
21.02	58.75
21.05473866	59.51
21.06	58.75
21.1	58.75
21.1	58.75
21.1	59.51
21.16051937	59.51
21.18	59.51
21.20495816	59.51
21.23	60.12703952
21.27	60.27
21.27	60.27
21.31	60.27
21.34246119	60.27
21.35	60.27
21.38889491	60.27
21.39315494	60.27
21.43	60.27
21.48	60.27
21.48	60.27
21.52	60.27
21.54922897	60.27
21.55	60.27
21.55	60.27
21.6	60.27
21.6	60.27
21.63043054	60.27
21.64403582	60.27
21.67	60.65520726
21.70887348	61.04
21.71	61.04
21.75	61.04
21.78281081	60.27
21.8	60.27
21.84	60.27
21.84	61.01929768
21.89	61.04
21.91760884	61.04
21.92	61.04
21.92649061	61.04
21.97	61.04
22	61.04
22.00215211	61.8
22.09	61.8
22.12631085	61.8
22.15	62.56
22.19	62.15006926
22.21	61.8
22.23666124	61.8
22.25263246	62.56
22.28	62.56
22.31021018	62.56
22.32	62.56
22.36	62.56
22.36	62.56
22.37077205	62.56
22.42	62.56
22.45	62.56
22.45	62.56
22.46962359	62.56
22.49	62.56
22.53	62.56
22.55769381	63.32
22.58	62.66119009
22.61	62.56
22.61922468	62.56
22.65	62.56
22.65	63.32
22.7	63.26181766
22.71789965	62.56
22.74	62.56
22.78	62.56
22.78	62.56
22.81006851	62.56
22.83364115	62.56
22.85	62.89579675
22.88756733	63.32
22.9	63.32
22.93040385	63.32
22.94	63.32
22.98	63.32
22.98	63.32
23.03	63.32
23.04670525	63.32
23.06	63.32
23.1	63.32
23.1	63.37871061
23.11552036	64.09
23.14	64.09
23.1538524	64.09
23.19	64.09
23.22896902	64.09
23.23863024	64.09
23.26	64.09
23.27696068	64.09
23.31	64.09
23.34034355	64.09
23.36	64.85
23.4	64.85
23.42907963	64.85
23.43	64.85
23.43	64.85
23.48	64.85
23.50226546	64.85
23.51	64.85
23.51	64.85
23.55869385	64.85
23.58078178	64.09
23.59	64.83043934
23.63	64.85
23.63	64.85
23.65474318	64.85
23.68	64.85
23.72	64.85
23.77	64.85
23.78517681	64.85
23.79	64.85
23.79	64.85
23.84	64.85
23.84	65.02422948
23.85151754	65.61
23.88	65.61
23.9119833	65.61
23.93319471	65.61
23.97	65.61
24	65.61
24.03021952	65.61
24.05	65.61
24.09	65.61
24.09720986	65.61
24.13	65.61
24.16	65.61
24.18767931	65.61
24.21	65.61
24.25	65.61
24.28013796	65.61
24.30387034	65.61
24.33	65.61
24.36627846	65.61
24.37	65.61
24.38694641	65.61
24.42	66.10703606
24.46	66.38
24.46	66.38
24.50862051	66.38
24.5273429	66.38
24.53	66.38
24.57	66.38
24.60891862	67.14
24.61	66.38
24.66	66.38
24.66	66.38
24.70342483	67.14
24.72787298	67.14
24.74	66.38
24.78	66.38
24.78	66.99207797
24.81468361	67.14
24.82	67.14
24.87	67.14
24.88620543	67.9
24.9	67.9
24.93304939	67.14
24.96991674	67.14
24.98	67.14
25.02	67.14
25.06	67.9
25.0692192	67.9
25.1	67.9
25.12398482	67.9
25.14	67.9
25.14	67.9
25.19	67.9
25.23	67.9
25.24567599	67.9
25.27	67.9
25.27	68.66
25.31	68.66
25.32747726	68.66
25.35	68.66
25.39049006	68.66
25.4	68.66
25.44	68.66
25.46916087	68.66
25.47	68.66
25.47	68.66
25.52	68.66
25.52707397	68.66
25.56	68.66
25.59	68.66
25.59	68.66
25.59509999	68.66
25.63	68.66
25.68	68.66
25.71687558	68.66
25.72101476	68.66
25.76	68.66
25.79937082	68.66
25.83303274	69.43
25.84	69.43
25.88	69.43
25.93	69.43
25.93551054	69.43
25.96	69.43
25.96	69.43
25.99308063	69.43
26.03603195	69.43
26.04	70.19
26.08	70.19
26.08914266	69.43
26.13	69.88329911
26.16897514	70.19
26.18553521	70.19
26.21	70.19
26.25	70.19
26.26983759	70.19
26.29	70.19
26.33	70.19
26.33	70.19
26.37871029	70.19
26.39563894	70.19
26.42	70.19
26.45	70.19
26.45313493	70.19
26.49	70.19
26.49	70.19
26.55	70.19
26.55	70.19
26.59	70.19
26.59	70.19
26.61715703	70.95
26.65	70.95
26.69894544	70.95
26.72167202	70.95
26.74	70.95
26.7789676	70.95
26.78940662	70.95
26.82	70.95
26.82	70.95
26.86	70.95
26.87792156	70.95
26.9	71.66178106
26.94	71.72
26.95739847	71.72
26.98	71.72
26.98	70.9700968
27.02	70.95
27.02	70.95
27.07	70.95
27.12	71.69985023
27.1318706	70.95
27.15	71.72
27.19	71.72
27.19104747	71.72
27.23	71.72
27.23	71.72
27.26753489	71.72
27.28	71.72
27.29412163	71.72
27.33902431	71.72
27.35	71.72
27.39	71.72
27.39302415	71.72
27.43	71.72
27.43188284	71.72
27.50128751	71.72
27.51	71.72
27.55	71.72
27.595983	71.72
27.6	71.72
27.63	71.72
27.63	71.72
27.64086226	71.72
27.69381359	71.72
27.72	71.72
27.75039419	71.72
27.76	71.72
27.77176906	72.48
27.81	72.48
27.86528791	72.48
27.88168185	72.48
27.90972032	72.48
27.92	72.48
27.96	72.48
27.96732929	72.48
28	72.48
28.02759453	72.48
28.05543033	73.24
28.08	73.24
28.11426994	73.24
28.12	73.24
28.13085086	73.24
28.18	73.24
28.21	73.24
28.26196219	73.24
28.29	73.24
28.34	73.24
28.34699205	73.24
28.37	73.24
28.39842575	73.24
28.41	73.24
28.45	73.33914773
28.4695472	74.01
28.49	74.01
28.52009983	74.01
28.54	74.01
28.58	74.01
28.58832885	74.01
28.63383883	74.01
28.66	74.01
28.69468961	74.01
28.7	74.01
28.7	74.01
28.74	74.01
28.74387143	75.53
28.79	74.70841828
28.83	74.36833753
28.85087125	75.53
28.86	75.53
28.86	75.53
28.9	75.53
28.91803591	75.53
28.94	75.53
28.94	75.53
28.98889565	75.53
29.01837195	75.53
29.02	76.29
29.06	75.9460476
29.08576828	75.53
29.1	75.53
29.15845093	75.62891623
29.18763031	76.29
29.19	75.53
29.23	75.53
29.26057484	75.53
29.27	75.53
29.27	75.90084467
29.3002287	76.29
29.32	75.77178247
29.36609793	75.67323868
29.3884243	76.29
29.39110236	76.29
29.43	76.29
29.43	76.06411796
29.45426397	75.53
29.48	75.53
29.52	75.53
29.5301403	76.29
29.55	76.29
29.57769541	76.29
29.6	76.29
29.64	76.29
29.64	76.29
29.65187132	76.29
29.68	76.90992432
29.72	77.06
29.75271688	77.06
29.77	77.06
29.8	77.06
29.81352471	77.06
29.84	77.06
29.87873385	77.06
29.88	77.06
29.88	77.06
29.93317239	77.06
29.96	77.06
29.9671329	77.06
30	77.06
30.00154941	77.06
30.06	77.06
30.1	77.06
30.12280159	77.06
30.13	77.06
30.17	77.35692993
30.2062542	77.82
30.21	77.82
30.25858829	77.82
30.26	77.82
30.30009644	77.82
30.32842897	77.82
30.33101576	77.82
30.37	77.82
30.39180332	77.82
30.41	77.82
30.45552851	77.82
30.48843406	77.82
30.49	77.82
30.54	77.82
30.55549254	77.82
30.58	77.82
30.58	77.82
30.60401637	77.82
30.62	77.82
30.66313339	77.82
30.68928436	77.82
30.7	77.82
30.73005119	78.58
30.75	77.84010716
30.78	77.82
30.80506265	78.58
30.83	78.58
30.86	78.58
30.89695373	78.58
30.9	78.58
30.90305281	78.58
30.94	78.58
30.97422139	78.58
30.98	78.58
30.99955828	78.58
31.03	79.33000233
31.07	79.35
31.08965541	79.35
31.11	79.35
31.13177584	79.35
31.15	79.35
31.15	79.35
31.15899489	79.35
31.2	79.35
31.23689978	79.35
31.24	79.35
31.24	79.35
31.24	79.35
31.31	79.35
31.34023657	79.35
31.37465424	80.11
31.39	80.11
31.41358555	80.11
31.45	80.11
31.48	79.69071055
31.52	79.35
31.52925677	79.35
31.56	79.35
31.56127881	79.35
31.61	79.35
31.64	79.35
31.64924972	79.35
31.68	79.88643388
31.72	80.11
31.72	80.11
31.72	80.11
31.77	80.11
31.81	80.11
31.82973582	80.11
31.84	80.11
31.87259438	80.11
31.88	80.11
31.93	80.11
31.93270927	80.11
31.97	80.11
32	80.11
32.00128591	80.87
32.05	80.87
32.08778464	80.11
32.1	80.11
32.14	80.57259821
32.17	80.87
32.19609617	80.11
32.21	80.11
32.21	80.11
32.26	80.11
32.27128685	80.11
32.3	80.11
32.32494903	80.87
32.35993523	80.87
32.37	80.87
32.37	80.87
32.42	80.87
32.4500946	80.87
32.46	80.87
32.5	80.87
32.50313959	80.87
32.54	80.87
32.57685145	80.87
32.58901157	80.87
32.62	80.87
32.64621873	80.87
32.66	80.87
32.70226947	81.63
32.74618496	81.63
32.75691629	81.63
32.78	81.63
32.81887431	81.63
32.82	81.63
32.82161026	80.87
32.88	81.44480769
32.91	81.63
32.92544601	81.63
32.95	81.63
32.99	81.63
32.99	81.63
32.99949079	81.63
33.03	81.63
33.07329892	81.63
33.09927681	81.63
33.11	81.63
33.15	81.63
33.15	81.80937248
33.18242595	82.4
33.19	82.4
33.19381172	81.63
33.24	81.63
33.26631448	81.63
33.29465805	81.63
33.31	81.63
33.33401788	81.63
33.35	81.63
33.35896794	82.4
33.4	81.89492431
33.44	81.63
33.44928238	82.4
33.48	82.9772959
33.52	83.16
33.52	82.4
33.56	82.4
33.5841118	82.4
33.6	82.4
33.65208756	82.4
33.68	82.4
33.72	82.4
33.72311734	83.16
33.76	83.16
33.79694588	83.16
33.8	83.16
33.82331455	83.16
33.87164204	83.16
33.89	83.16
33.93	83.16
33.93	83.16
33.97	83.16
33.97	83.16
34.02	83.16
34.05	83.16
34.07168864	83.16
34.09	83.16
34.12890251	83.92
34.13	83.92
34.1339101	83.92
34.18	83.82166663
34.20243403	83.16
34.23448568	83.16
34.25	83.73682436
34.29	83.92
34.29	83.92
34.30555408	83.92
34.33	83.92
34.35693617	83.92
34.39896915	83.92
34.41	83.92
34.46	83.92
34.46503232	83.92
34.5	83.92
34.53774868	83.92
34.5584737	83.92
34.58	83.92
34.58	84.58601549
34.62608761	84.69
34.64115336	83.92
34.67	84.54505219
34.7	84.69
34.71268674	84.69
34.78203596	84.69
34.79	84.69
34.82	84.69
34.82126635	84.69
34.87	84.69
34.91	84.69
34.95602263	84.69
34.96	84.69
34.96	85.11061408
34.97236993	85.45
35.03	85.45
35.04431853	85.45
35.08	85.45
35.12049606	85.45
35.13	85.45
35.17	85.45
35.2	85.45
35.2	85.45
35.22007626	85.45
35.24	85.45
35.28	85.74924159
35.31682388	86.21
35.32	86.21
35.32513494	85.45
35.36	86.01077822
35.4	86.21
35.44	86.21
35.47894912	86.21
35.48	86.21
35.5233312	86.21
35.5434362	86.21
35.57	86.21
35.6	86.21
35.6	86.21
35.62356868	86.21
35.64	86.21
35.64	86.21
35.7	86.21
35.72	86.21
35.74155936	86.21
35.76	86.21
35.8	86.21
35.80130408	86.21
35.85	86.21
35.85	86.21
35.86739567	86.21
35.91874643	86.21
35.93	86.21
35.96864273	86.21
35.97	86.21
36.01	86.21
36.0323992	86.98
36.06	86.98
36.09	86.98
36.12024447	86.98
36.13	86.98
36.13639912	86.98
36.18	87.47825373
36.21900302	87.74
36.22	87.74
36.22374249	86.98
36.27	86.98
36.29	86.98
36.30966996	86.98
36.33	86.98
36.36771051	86.98
36.38	86.98
36.42608338	87.74
36.43	87.74
36.48	87.74
36.5	87.72047541
36.50519598	86.98
36.54	86.98
36.54	86.98
36.58	86.98
36.58	86.98
36.62579557	86.98
36.646996	87.74
36.67	87.03825393
36.7	86.98
36.71788188	86.98
36.74	86.98
36.74397565	87.74
36.79	87.74
36.81414541	87.74
36.83	87.74
36.87	87.74
36.87	87.74
36.92	87.74
36.93499669	87.74
36.95	87.74
36.98472092	88.5
36.99	88.5
37.03	88.5
37.05969394	88.5
37.07	88.5
37.07928742	88.5
37.11	88.5
37.15049175	88.5
37.16114103	88.5
37.2	88.5
37.24	88.5
37.24	88.5
37.27468873	89.26
37.28	88.5
37.32	88.5
37.35677584	88.5
37.36	88.5
37.37348632	88.5
37.4	88.5
37.40390793	89.26
37.45	88.92483758
37.48466333	88.5
37.49391723	88.5
37.52	88.5
37.52125634	89.26
37.57	89.26
37.6	89.26
37.60312379	89.26
37.64	89.26
37.65397299	89.26
37.68	89.26
37.71047724	89.26
37.73	89.26
37.73099974	89.26
37.77	89.6388281
37.81	90.03
37.81	90.03
37.81742566	90.03
37.85	90.03
37.89	90.03
37.89	90.03
37.93867857	90.03
37.94718435	90.03
37.98	90.03
38.01	90.03
38.01	90.03
38.02335483	90.03
38.05	90.03
38.05	90.03
38.07733257	90.03
38.11	90.03
38.14	90.03
38.1636628	90.03
38.18	90.03
38.21	90.03
38.21	90.03
38.22385472	90.03
38.26	90.41081742
38.28954956	90.79
38.31	90.73138284
38.31915343	90.03
38.35	90.76991149
38.38	90.79
38.38	90.61602908
38.39654297	90.03
38.43	90.529879
38.46898894	90.79
38.47	90.79
38.47381527	90.79
38.52	90.79
38.54	91.16975611
38.57464569	91.55
38.58	91.55
38.58104826	91.55
38.62	91.45371613
38.63994335	90.79
38.67	90.79
38.67	90.79
38.71	90.79
38.72596313	90.79
38.75	90.79
38.77211341	90.79
38.79	91.48965308
38.83	91.55
38.83	91.55
38.86589903	90.79
38.90311168	90.79
38.91	91.33292625
38.948948	91.55
38.95306986	90.79
38.99	90.79
39.05	91.55
39.05	91.55
39.09	91.55
39.12	91.55
39.12933941	91.55
39.16	91.55
39.2	91.55
39.2	91.55
39.22789681	91.55
39.25	91.55
39.29077501	91.55
39.32	91.55
39.35531837	92.32
39.37	91.55
39.41	91.55
39.41911892	92.32
39.45	91.6643076
39.48	91.55
39.50834886	91.55
39.52	91.55
39.56	91.55
39.56403784	92.32
39.61	92.32
39.64	92.32
39.67020722	92.32
39.69	92.32
39.73	92.32
39.74722432	92.32
39.78	92.32
39.78	92.32
39.80969646	92.32
39.84307195	92.32
39.85	92.32
39.89	92.37967924
39.90339783	93.08
39.93	93.08
39.93906996	92.32
39.98	92.81932119
40.00903246	93.08
40.01718816	92.32
40.05	92.32
40.07629217	93.08
40.09	93.08
40.1176767	93.08
40.14	93.08
40.16762639	93.08
40.19996317	93.08
40.22	93.08
40.26	93.08
40.26	93.08
40.3	93.08
40.3	93.08
40.31671145	93.08
40.35	93.08
40.38	93.08
40.38	93.84
40.44	93.84
40.44	93.84
40.51	93.84
40.51107364	93.84
40.55	93.84
40.58470259	93.84
40.591001	93.84
40.63	93.84
40.63	93.84
40.66894985	93.84
40.67937117	93.84
40.71	93.84
40.74056191	93.84
40.75	93.84
40.79	93.84
40.79512491	93.84
40.83	93.84
40.85974823	93.84
40.87	93.84
40.89746403	93.84
40.92	93.84
40.95	94.09983267
40.98026903	94.6
40.99	94.6
40.99539165	94.6
41.03	94.6
41.0603056	94.6
41.08	93.90034706
41.13	93.84
41.15436934	93.84
41.16	93.84
41.19897864	94.6
41.20328287	94.6
41.24	94.6
41.29	94.6
41.29520508	94.6
41.33	94.6
41.36	94.6
41.36	94.6
41.406137	95.37
41.41304621	95.37
41.45	95.37
41.45	94.6
41.5	94.6
41.52	94.81739177
41.54615592	95.37
41.56	95.37
41.56	95.37
41.61	95.37
41.61	95.37
41.65288622	95.37
41.66	95.37
41.7	94.84018842
41.73	94.69880667
41.74950599	95.37
41.77	95.37
41.81	95.37
41.81	95.37
41.85	95.37
41.88051077	95.37
41.89	95.37
41.93	95.37
41.93519166	95.37
41.97	95.37
41.97	95.37
42.00804032	95.37
42.02	95.37
42.07	95.37
42.09562869	95.37
42.1	95.37
42.1	96.13
42.14	96.13
42.1623878	96.13
42.18	96.13
42.18	96.13
42.23	96.13
42.26246722	96.13
42.27994002	96.13
42.3	96.13
42.3	96.13
42.34	96.13
42.34721277	96.13
42.38	96.13
42.38	96.13
42.44	96.13
42.46	96.13
42.48162431	96.13
42.5	96.13
42.53789749	96.13
42.55	96.89
42.59	96.79060094
42.61414128	96.13
42.63	96.13
42.67	96.13
42.67	96.13
42.71	96.34929067
42.74049	96.89
42.75	96.89
42.80197451	96.89
42.83	96.89
42.83519465	96.89
42.87	96.89
42.90251493	96.89
42.91	96.89
42.91	96.89
42.95616503	96.89
42.96	96.89
43	96.89
43.02592833	96.89
43.03	96.89
43.03	96.89
43.08	96.89
43.08737977	96.89
43.12	96.89
43.12	97.19841082
43.14692551	97.66
43.1803206	97.66
43.2	97.08380339
43.23693923	96.89
43.24513498	96.89
43.28	96.89
43.28	96.89
43.28623139	96.89
43.36678836	96.89
43.38	96.89
43.43202091	96.89
43.44	97.66
43.48840572	97.66
43.49	97.66
43.53	97.32356424
43.56466475	96.89
43.57	97.66
43.61	97.66
43.63560227	97.66
43.65	97.66
43.70203131	97.66
43.71	97.66
43.75	97.66
43.77	97.80081792
43.7894814	98.42
43.81	98.42
43.85	98.42
43.85	98.42
43.9	98.42
43.90312954	97.66
43.94	98.03466392
43.98	98.42
43.98378908	97.66
44.01	97.66
44.06	98.42
44.06	98.42
44.10882836	98.42
44.1394555	98.42
44.14507704	98.42
44.18	98.42
44.23	99.18
44.23	99.18
44.27	99.18
44.30687425	99.18
44.32788901	99.18
44.34	99.18
44.38	99.18
44.38	99.18
44.43	99.18
44.43560923	99.18
44.47	99.18
44.50898236	99.18
44.52328432	99.18
44.55	99.18
44.56782024	99.18
44.59	99.18
44.6147046	99.18
44.64	99.18
44.68	99.18
44.68	99.18
44.69129654	99.18
44.72543718	99.18
44.75	99.18
44.78244041	99.18
44.79	99.18
44.8469446	99.95
44.87	99.95
44.87132629	99.18
44.92	99.31621893
44.94216226	99.95
44.96	99.95
45.00339266	99.95
45.01725978	99.95
45.05	99.95
45.08	99.95
45.10624002	99.95
45.12	99.95
45.12	100.6413477
45.17	100.7
45.17100345	99.95
45.21	99.95
45.24	99.95
45.24312051	99.95
45.28	99.95
45.32	99.95
45.32	99.95
45.33425553	99.95
45.37	99.95
45.4	99.95
45.4	99.95
45.44267826	99.95
45.47944578	99.95
45.49	99.95
45.53	99.95
45.58	99.95
45.59770913	99.95
45.62	100.6418899
45.66	100.7
45.68431155	100.7
45.69	100.7
45.69	100.7
45.74	100.7
45.77250482	100.7
45.78701824	100.7
45.81	101.2706989
45.85	101.5
45.85	101.5
45.86733307	100.7
45.9	100.7
45.92209635	101.5
45.94	101.5
45.97256065	101.5
46.00460779	100.7
46.02	100.7
46.0588734	100.7
46.06102455	100.7
46.1	100.7
46.12505447	100.7
46.15	101.4780966
46.18	101.5
46.19727468	100.7
46.23	100.7
46.26	100.7
46.26	101.5
46.31	101.5
46.34	101.5
46.34	101.5
46.34639037	101.5
46.39	101.5
46.42	101.5
46.42667447	101.5
46.47	101.5
46.47	101.5
46.52	101.5
46.54767947	101.5
46.55314131	101.5
46.59	101.5
46.61225722	102.2
46.64	101.5960486
46.68	101.5
46.68723393	101.5
46.72	101.5
46.75	101.5
46.7803883	101.5
46.79	101.5
46.82313698	102.2
46.84	102.2
46.89	102.2
46.8993114	102.2
46.93233594	102.2
46.96	102.2
46.97138075	102.2
47	102.2
47.0461032	103
47.05	103
47.09	103
47.12	103
47.12	103
47.1633774	103
47.17304306	102.2
47.21	102.6740381
47.23762938	103
47.24	103
47.26702779	103
47.30665008	103
47.32	103
47.34722014	103
47.37	103
47.40897684	103
47.41	103
47.41	103
47.43690743	103
47.48082472	103
47.49	103
47.53	103
47.55436505	103
47.57	103
47.57	103
47.63	103.1016691
47.65441468	103.8
47.66	103.8
47.7	103.8
47.73897659	103
47.74	103.8
47.77	103.8
47.77909745	103.8
47.82	103.8
47.86	103.8
47.89254916	103.8
47.9	103.8
47.9	103.8
47.94	103.8
47.95946484	103.8
47.98	103.8
47.98	103
48.03	103.3004692
48.06	103.8
48.07565983	103.8
48.1	103.8
48.12387458	103.8
48.14	103.8
48.19	103.8
48.19229228	103.8
48.22	103.8
48.26	103.8
48.26107256	103.8
48.3	103.8
48.3	103.8
48.35	103.8
48.35	103.8
48.35125677	104.5
48.4	104.5
48.42280131	104.5
48.43101872	104.5
48.47	104.5
48.47	104.5
48.51	104.5
48.55331507	103.8
48.56	104.5
48.6	104.5
48.61949439	104.5
48.64	103.8
48.67	103.8
48.67465193	104.5
48.71	104.5
48.71	104.5
48.75971891	104.5
48.79500155	104.5
48.8	104.5
48.84	104.5
48.84104093	104.5
48.88	104.5
48.90611509	104.5
48.92	104.5
48.92	105.1466791
48.96341747	105.3
48.98502718	105.3
49	105.3
49.04	105.3
49.04	105.3
49.05555235	105.3
49.08	105.3
49.11505092	105.3
49.13	105.3
49.17	105.3
49.17705831	105.3
49.2	105.3
49.22640669	105.3
49.24	105.3
49.29	105.3
49.30444466	105.3
49.34	105.3
49.38	105.3
49.40229909	105.3
49.41	105.3
49.43398688	106
49.45	106
49.49533514	106
49.5	106
49.52736715	106
49.54	106
49.58	106
49.58	106
49.59356727	106
49.62	106
49.65894161	106
49.66	106
49.66	105.3541465
49.70576655	105.3
49.74	105.318314
49.76278842	106
49.77	106
49.82	106
49.82707102	106
49.86	106
49.86	106
49.87811386	106
49.9	106
49.94	106
49.95323802	106
49.98	106
49.99964083	106
50.03	106
50.03128781	106
50.08051664	106
50.1	106
50.12223278	106
50.14	106
50.18	106
50.23	106.8
50.23903762	106
50.28	106.6933975
50.31	106.8
50.31	106.8
50.35	106.8
50.35091774	106.8
50.39	106.8
50.43	106.8
50.43	106.8
50.43534218	106.8
50.47	106.8
50.51871454	106.8
50.52	106.8
50.56	106.8
50.57811489	106.8
50.59	106.8
50.59	107.6
50.64678352	107.6
50.66917098	106.8
50.67	106.8
50.72	106.8
50.72519247	107.6
50.76	107.6
50.79898314	107.6
50.8	107.6
50.8	107.6
50.86	107.4554638
50.88	106.8
50.88911377	107.6
50.92	107.6
50.94470469	107.6
50.97	107.6
50.98991142	107.6
51.03075754	107.6
51.04	107.6
51.08	107.6
51.10004125	107.6
51.12	107.6
51.17	107.6
51.17	107.6
51.17	107.6
51.22	107.6
51.24077388	107.6
51.25	107.6
51.29	107.6
51.29957068	108.3
51.33	108.3
51.33	108.3
51.33	107.6
51.38	108.1280128
51.41	108.3
51.43170453	108.3
51.45	108.3
51.45	107.9963792
51.46437259	107.6
51.5	108.2813831
51.53	108.3
51.53	108.3
51.58	107.95053
51.60977731	107.6
51.62	107.6
51.62	108.3
51.66	108.3
51.67332117	108.3
51.7	108.3
51.7	108.3
51.72726857	108.3
51.78	108.3
51.78904319	108.3
51.83	108.3
51.86	108.3
51.87588821	108.3
51.9	108.3
51.9	108.7480274
51.92473821	109.1
51.95	109.1
51.99	109.1
52.01922782	109.1
52.02508893	109.1
52.06	109.1
52.07402366	108.3
52.12	108.9059659
52.15	109.1
52.16602634	109.1
52.19	109.1
52.23	109.1
52.23	109.1
52.27	109.1
52.33	108.3632062
52.35	109.1
52.35728524	109.1
52.39	108.665709
52.42248612	108.3
52.43	108.3
52.44980554	109.1
52.48	109.1
52.50244837	109.1
52.54074333	109.1
52.55	109.1
52.59	109.1
52.59	109.1
52.64	109.1
52.64	109.1
52.65967707	109.1
52.69	109.1
52.73601076	109.1
52.76	109.1
52.76511061	109.9
52.8	109.9
52.8	109.9
52.81428035	109.9
52.85	109.9
52.85639189	109.9
52.90257837	109.9
52.92	109.9
52.95396387	109.9
52.96	109.1
53	109.1
53.01702922	109.9
53.06	109.9
53.09	109.9
53.11227485	109.9
53.12	109.9
53.16614664	109.9
53.17	109.9
53.21	109.9
53.21	109.9
53.27	109.9
53.29	109.9
53.30995978	109.9
53.33	110.6
53.37	110.6
53.41060444	110.6
53.42	110.6
53.46334317	110.6
53.49	110.6
53.49100583	110.6
53.53	110.6
53.56431998	110.6
53.57	110.6
53.63457433	110.6
53.66	110.6
53.69898347	110.6
53.7106096	110.6
53.74	110.6
53.77000862	110.6
53.79	110.6
53.82	110.6
53.85234586	110.6
53.86	110.6
53.8989718	111.4
53.9010752	111.4
53.94	111.4
53.94	111.4
53.99	111.4
53.99	111.4
54.03	111.4
54.05922023	111.4
54.06	111.4
54.06930043	111.4
54.11	111.4
54.14781958	111.4
54.16	111.4
54.2	111.4
54.22590831	111.4
54.24334765	111.4
54.27	111.4
54.27112451	111.4
54.31	111.4
54.34867679	111.4
54.35	111.4
54.35	111.4
54.4	111.4
54.42922104	111.4
54.43	111.4
54.43888459	111.4
54.48	111.4
54.5096519	111.4
54.52	111.4
54.56028871	111.4
54.58964083	111.4
54.6	111.4
54.63032181	111.4
54.65	111.4
54.68	111.4
54.70455943	112.9
54.73	112.9
54.76	112.9
54.78552614	112.9
54.8	112.9
54.82193865	112.9
54.84	112.9
54.88	112.9
54.88	112.9
54.95	112.9
54.96	112.9
54.98005103	112.9
55	112.9
55.04872129	112.9
55.05	112.9
55.09332237	112.9
55.11334282	112.9
55.13	113.6374652
55.17	113.7
55.18159673	113.7
55.21	113.7
55.25598809	113.7
55.26	113.7
55.30001615	113.7
55.32946714	113.7
55.33	113.7
55.34448108	113.7
55.38	113.7
55.42	113.7
55.43430351	113.7
55.47	113.7
55.50479393	113.7
55.51894028	114.4
55.53	114.4
55.58	114.4
55.58	114.4
55.58922015	113.7
55.62	114.0139216
55.64369613	114.4
55.66	114.4
55.68034987	114.4
55.7363629	113.7
55.74	113.7
55.78	113.7
55.79955305	113.7
55.83	113.7
55.85370003	114.4
55.9	114.4
55.9	114.4
55.94	114.4
55.96829224	114.4
55.98	114.4
55.98656992	113.7
56.03	113.9760798
56.04999478	114.4
56.08305787	114.4
56.12	114.4
56.15	114.4
56.16176381	114.4
56.2	115.0590148
56.24	114.8023995
56.26604584	114.4
56.27325144	115.2
56.31	115.2
56.34023743	115.2
56.36	115.2
56.4	115.2
56.40379565	115.2
56.45	115.2
56.48	115.2
56.48	115.2
56.49396894	115.2
56.52	115.2
56.56	115.2
56.59277397	115.2
56.61076467	115.2
56.64	115.2
56.64	115.2
56.67559944	115.2
56.69	115.2
56.72	115.2
56.72	115.2
56.75313941	115.2
56.77	115.2
56.81	115.2
56.81	115.2
56.84249596	115.2
56.85694639	115.2
56.88	115.2
56.88	114.6850347
56.92038332	114.4
56.93	114.4
56.96044041	115.2
56.98881092	115.2
57	115.2
57.05	115.2
57.05843176	115.2
57.09	115.2
57.09	115.2
57.10179701	115.2
57.14	115.8891108
57.17	115.6908268
57.19638043	115.2
57.21	115.2
57.25	115.2
57.27212995	115.2
57.29	115.2
57.33	115.2
57.33	115.2
57.37953676	115.2633354
57.42	116
57.42543858	116
57.45	116
57.48024547	116
57.5	116
57.5553069	116
57.58	116
57.59539472	116
57.62	116
57.65898924	116
57.66	116
57.66	116
57.71	116
57.72708298	116.7
57.76683803	116
57.78	116
57.82300038	116.7
57.83109601	116.7
57.87	116.7
57.89403877	116.7
57.91	116.7
57.95	116.7
57.96368038	116.7
57.99	116.7
58.03	116.7
58.08847019	116.7
58.11	116.7
58.15	116
58.15311643	116
58.19	116
58.19	116
58.20412208	116
58.24	116
58.24	116.3524366
58.2694939	116.7
58.30205251	116.7
58.31	116.7
58.36	116.7
58.36103192	117.5
58.4	117.0162766
58.4388527	116.7
58.44	116.7
58.48822398	117.4387029
58.51845201	116.7
58.52	116.7
58.56	116.7628076
58.58803312	117.5
58.6	117.5
58.63799499	117.5
58.65	116.8069029
58.69068038	116.7
58.7	117.5
58.74	117.5
58.74	117.5
58.77334042	117.5
58.8	117.5
58.86	117.5
58.89891367	117.5
58.91501334	117.5
58.93	117.5
58.97	117.5
58.97	117.9393441
59.00000567	118.3
59.02	118.3
59.05	118.3
59.08464815	118.3
59.09	118.3
59.11751944	118.3
59.14	118.3
59.18	118.3
59.18	118.3
59.23	118.3
59.27	118.3
59.29	118.3
59.29	118.3
59.32258257	118.3
59.33	118.3
59.38	118.3
59.38	118.3
59.41605115	118.3
59.46	118.3
59.5	118.3
59.52771759	118.3
59.55076162	118.3
59.58	118.3
59.63523208	118.3
59.65968089	118.3
59.67	118.3
59.7	118.3
59.7	118.3
59.74	118.3
59.74	118.3
59.76026433	118.3
59.8079167	119
59.82	119
59.86838797	119
59.88107976	119
59.91	119
59.93821748	119
59.95	119
59.99	119
59.99	119
60.00718125	119
60.05	119
60.0891021	119.3953852
60.11	119.8
60.14223231	119.8
60.17360452	119.8
60.19	119.8
60.23	119.8
60.23	119.8
60.23	119.8
60.27590259	119.8
60.29955914	119.8
60.32	119.8
60.36	119.8
60.37598014	119.8
60.4	119.8
60.4	119.8
60.44	119.8540267
60.46405775	120.5
60.48	120.5
60.48	120.5
60.51546974	120.5
60.55141496	119.8
60.57	119.8
60.6	119.8
60.6	119.8
60.61338609	119.8
60.64	120.3326165
60.69	120.5
60.70313006	120.5
60.72	120.5
60.74741128	120.5
60.77	120.5
60.81	120.5
60.83409362	120.5
60.85	120.5
60.87835409	120.5
60.89103642	120.5
60.93	120.5
60.93651311	120.5
60.98	120.5
61.01	120.5
61.01	120.5
61.02993178	120.5
61.06	120.5
61.08227944	120.5
61.12314924	120.5
61.13107264	121.3
61.17	121.3
61.17	121.3
61.21868251	121.3
61.25034839	121.3
61.26	120.829221
61.28759953	120.5
61.31693535	120.5
61.34	121.1944476
61.38	121.3
61.38105835	120.5
61.42	120.5
61.42	120.5
61.42386325	120.5
61.47	120.9752152
61.51	121.3
61.53171499	121.3
61.55	121.3
61.58	121.3
61.58	121.3
61.58898819	121.3
61.63	121.3
61.63651197	121.3
61.68985006	122.1
61.7	122.1
61.7	121.4479804
61.73783583	121.3
61.75499814	121.3
61.79	121.3
61.83	121.3
61.83711381	121.3
61.87	121.3
61.87737097	122.1
61.91	122.1
61.95	122.1
61.95	122.1
62	122.1
62.00958514	122.1
62.04	122.1
62.07	122.1
62.07	122.1
62.09754404	122.1
62.12	122.8
62.16	122.6736049
62.18115118	122.1
62.19	122.1
62.19310212	122.1
62.23	122.1
62.23646183	122.8
62.28	122.4870183
62.31459888	122.1
62.32508288	122.1
62.36	122.1
62.36	122.1
62.36	122.4427513
62.38050487	122.8
62.42972174	122.8
62.44	122.1542514
62.48870542	122.1
62.49	122.8
62.53	122.8
62.55922024	122.8
62.56	122.8
62.56	122.8
62.570599	122.8
62.6268802	122.8
62.64	122.8
62.68	122.8
62.68	123.6
62.73	123.6
62.77348221	123.6
62.78106052	123.6
62.82	123.6
62.85	123.6
62.85511776	123.6
62.89	123.6
62.9236877	123.6
62.93	123.6
62.93	123.6
62.97555401	123.6
63.00160303	123.6
63.02	123.6
63.05	123.6
63.05307276	123.6
63.09	123.6
63.10164705	123.6
63.14	122.867216
63.17	122.8
63.19245121	122.8
63.22	122.8
63.22	123.3104997
63.25244098	123.6
63.26	123.6
63.3	123.6
63.31965432	123.6
63.35	124.4
63.38	124.4
63.38718969	123.6
63.42	123.6
63.42	124.4
63.47	124.0870278
63.50469778	123.6
63.51377885	123.6
63.54	124.1623744
63.57869107	124.4
63.58	124.4
63.62867898	124.4
63.63901756	124.4
63.66	124.4
63.66	124.4
63.6648028	123.6
63.72674502	124.4
63.74	123.9577281
63.78336737	123.6
63.7930984	123.6
63.83	123.6
63.83	123.6
63.83384178	123.6
63.88	123.8737504
63.89939875	124.4
63.93846124	124.4
63.96	124.4
63.97568579	124.4
64	124.4
64.03	124.4
64.04723104	124.4
64.09356946	124.4
64.11	124.4
64.15	124.4
64.15	124.4
64.2	124.4
64.24	124.4
64.29197932	124.4
64.32	124.4
64.32301907	124.4
64.36	124.4
64.39881212	124.4
64.4	124.4
64.4	125.1
64.45	124.8239431
64.48899358	124.4
64.5035737	125.1
64.52	125.1
64.53158397	125.1
64.57	125.1
64.60898937	125.1
64.61	125.1
64.66	125.1
64.66691435	125.1
64.69	125.1
64.73	125.1
64.74573204	125.1
64.77	125.1
64.82	125.1
64.84981049	125.1
64.88600687	125.1
64.89	125.1
64.89933074	125.1
64.94	125.6591127
64.98	125.9
65.02	125.1
65.03497157	125.1
65.05	125.1
65.05	125.9
65.1	125.9
65.120178	125.9
65.14	125.9
65.17468455	125.9
65.18	125.9
65.21036954	125.9
65.25107545	125.9
65.26	125.9
65.3	125.9
65.3202164	125.9
65.34	125.9
65.37940665	125.9
65.40535298	125.9
65.43	126.506918
65.46	126.6
65.49251544	126.6
65.51	126.6
65.5532537	126.6
65.56	125.9
65.59	126.3648902
65.62	126.6
65.66871745	125.9
65.67310854	125.9
65.71	125.9
65.71385782	126.6
65.76	126.0690498
65.79	126.2048234
65.82897585	126.6
65.83	125.9
65.87	125.9
65.90785658	125.9
65.92	125.9
65.92	126.6
65.97	126.6
65.99	126.6
66.0012035	126.6
66.03	126.6
66.07	126.6
66.07391591	126.6
66.12	126.6
66.16	126.6
66.16324393	126.6
66.2	126.6
66.24	126.6
66.26742188	126.6
66.29	126.6
66.32	126.6
66.35461087	126.6
66.36	126.6
66.36	127.4
66.41	127.4
66.42713563	127.4
66.45	126.6
66.49	126.6
66.49	126.6
66.50344732	127.4
66.53	126.6
66.56	126.6
66.59542265	126.6
66.61	126.6
66.64688827	127.4
66.65	127.4
66.65	127.4
66.7	127.4
66.72923569	127.4
66.73515975	127.4
66.77	127.4
66.79606036	127.4
66.81	127.4
66.81	127.4
66.86	127.4
66.89	127.4
66.89707233	127.4
66.93	127.4
66.97	127.4
66.97	127.4
67.02	127.4
67.04738833	127.4
67.07	127.4
67.07	127.4
67.11	127.4
67.14	127.4
67.14	127.4
67.15978619	127.4
67.19	127.4
67.23	127.4
67.26463642	127.4
67.28655393	127.4
67.3	127.4
67.33046229	127.4
67.34	128.2
67.38	128.2
67.38	127.7254044
67.42048957	127.4
67.43535497	127.4
67.46	127.4
67.48409018	128.2
67.5	127.4
67.54	127.4218358
67.56175769	128.2
67.59	128.2
67.62691774	128.2
67.63	128.2
67.66892195	128.2
67.67	128.2
67.71	128.5778561
67.75	128.9
67.79247406	128.2
67.83	128.2
67.84122628	128.2
67.87	128.2
67.91845152	128.2
67.95	128.2
67.9517289	128.2
68.01	128.7304131
68.04	128.9
68.08	128.9
68.08291405	128.9
68.12	128.9
68.15265517	128.9
68.17075192	129.7
68.2	129.7
68.23813845	129.7
68.25	128.9
68.28	128.9
68.30848832	129.7
68.32	129.7
68.34995233	128.9
68.38	128.9
68.42	128.9
68.42	128.9
68.4870808	129.7
68.49	129.7
68.53	129.7
68.55841642	129.7
68.57	129.7
68.61	129.7
68.61	129.7
68.61309098	129.7
68.65	129.7
68.69	129.7
68.69	129.7
68.74	129.7
68.77279937	129.7
68.81	129.7
68.81	129.7
68.85	129.7
68.87760934	129.7
68.89	129.7
68.9226366	129.7
68.94515864	130.5
68.98	130.5
68.99347853	129.7
69.02	130.3475132
69.06	130.5
69.08208359	130.5
69.1	130.5
69.1283993	130.5
69.15148808	130.5
69.18	130.5
69.22	130.5
69.25035784	130.5
69.26	130.5
69.2897522	130.5
69.32863791	130.5
69.35	130.5
69.38	130.5
69.38530197	130.5
69.42	130.5
69.44679974	131.2
69.49345408	131.2
69.51	131.2
69.55	131.2
69.56773869	131.2
69.59	131.2
69.60350762	131.2
69.63	131.2
69.66980129	131.2
69.69965044	131.2
69.71	131.2
69.74295649	131.2
69.76586612	131.2
69.79	131.2
69.7938997	131.2
69.84	131.2
69.87768949	131.2
69.90322042	131.2
69.91	131.2
69.95055546	132
69.96101791	132
70	132
70.03896481	132
70.04728222	132
70.08	132
70.12	132
70.14824754	132
70.16309779	132
70.2	132
70.24885958	132
70.27028926	132
70.29	132
70.32	132
70.33770526	132
70.36	132
70.36	132
70.38012335	132
70.42213916	132
70.45	132
70.49	132
70.50549298	132
70.53	132
70.53	132.475948
70.56244194	132.8
70.57	132.8
70.62	132.8
70.62731935	132.8
70.66075239	132.8
70.69	132.8
70.69	132.8
70.72685328	132.8
70.73	132.8
70.77603348	132.8
70.78	132.8
70.83	132.8
70.85394668	132.8
70.86990135	132.8
70.89	132.8
70.91222944	132.8
70.94	132.8
70.94	132.8
70.99	132.8
71.02255257	132.8
71.03876611	132.8
71.06	132.8
71.07458463	132.8
71.11	132.8
71.15	132.8
71.15	132.8
71.19869581	132.8
71.22253021	132.8
71.23	132.8
71.27	132.8
71.28975642	132.8
71.31	132.8
71.31	132.8
71.35872459	132.8
71.37188409	132.8
71.38	132.8
71.43	132.8
71.43	132.9301238
71.43387392	133.5
71.48	133.0388093
71.51	132.8
71.51	133.5
71.56	132.9671794
71.59	132.8
71.62231247	132.8
71.63314022	133.5
71.67	133.5
71.70623498	133.5
71.71	133.5
71.76187827	133.5
71.79	133.5
71.79306964	133.5
71.83	133.5
71.87	133.5
71.89986918	133.5
71.93	133.5
71.97	133.5
72	133.5
72.03242708	133.5
72.04	133.5
72.08	133.5
72.08785519	133.5
72.14260923	133.5
72.16	133.5
72.2	133.5
72.20927828	134.3
72.24	134.3
72.24	134.3
72.29	134.3
72.33	134.3
72.34458559	134.3
72.36	134.3
72.4061128	134.3
72.41	134.3
72.45	134.3
72.45	134.3
72.49616289	134.3
72.50687481	133.5
72.53	134.2376599
72.57	134.3
72.60689559	134.3
72.61943145	134.3
72.65	134.3
72.68936644	134.3
72.7284152	134.3
72.73	134.3
72.78	134.3
72.79506569	134.3
72.81	134.3
72.82193361	134.3
72.86	134.3
72.9	134.3
72.93256274	135
72.94310524	135
72.98	135
73.01792344	135
73.03	135
73.05760624	135
73.1	135
73.10308972	135
73.14	135
73.17896685	135
73.18	135
73.23213995	135
73.26	135
73.26	135
73.3	135
73.34	135
73.34	135
73.35690936	135.8
73.4	135.8
73.44	135.8
73.45194206	135.8
73.47	135.8
73.50296248	135.8
73.52	135.8
73.55	135.8
73.58410526	135.8
73.59	135.7385667
73.61008086	135
73.63	135
73.63	135.8
73.68	135.8
73.70624647	135.8
73.72	135.8
73.76	135.8
73.76	135.8
73.78600377	135.8
73.81774644	135.8
73.83	135.8
73.88	135.8
73.91897268	135.8
73.92	136.6
73.96	136.6
74	136.6
74.00723824	136.6
74.04	136.6
74.06417018	135.8
74.08	135.8
74.12	135.8
74.12	136.5375542
74.16	136.6
74.1816075	135.8
74.2	135.8
74.2	135.8
74.25	136.19297
74.28891021	136.6
74.29925613	136.6
74.33	136.6
74.33	136.6
74.38847906	136.6
74.41	136.6
74.42115814	136.6
74.45	136.6
74.49	136.6
74.49	136.6
74.54	136.6
74.54	136.6
74.59879742	136.6
74.61	136.6
74.66	136.6
74.66521925	136.6
74.7	136.6
74.7	136.6
74.75	136.6
74.77	136.6
74.79537425	136.6
74.82	136.6
74.86	136.6
74.86	136.7285298
74.90875143	137.2106175
74.94	136.6
74.9472443	137.3
74.98	136.8425237
75.01683836	136.6
75.02	136.6
75.04723398	137.3
75.07	136.6188289
75.11845835	136.6530034
75.13948883	137.3
75.14	137.3
75.14	137.3
75.19	137.3
75.21570546	137.3
75.23	137.3
75.23	137.3
75.28	137.3
75.28306912	138.1
75.32691319	138.1
75.35	138.1
75.38050645	138.1
75.39	138.1
75.43	138.1
75.45401552	138.1
75.4934615	138.1
75.51	138.1
75.55	138.1
75.56584352	138.1
75.59	138.1
75.64	138.1
75.64	138.1
75.6462776	138.1
75.6907628	138.1
75.72	138.6528914
75.76	138.9
75.76724676	138.1
75.8	138.1
75.84042437	138.1
75.8660753	138.9
75.88	138.9
75.88967825	138.9
75.92	138.9
75.96	138.9
75.96	138.9
75.97686316	138.1
76.01	138.8383764
76.04	138.9
76.07042487	138.9
76.08	138.9
76.08904786	138.9
76.12	138.9
76.139701	138.9
76.17	138.9
76.20883785	138.9
76.23177143	139.6
76.25	138.9
76.29	138.9
76.29	139.4144397
76.33	139.6
76.33	139.5444025
76.33381828	138.9
76.38	138.9
76.42	138.9
76.44427107	138.9
76.45	138.9
76.45	139.6
76.5	139.6
76.52915644	139.6
76.53	139.6
76.55779154	139.6
76.58691409	139.6
76.61	139.6
76.63748184	139.6
76.66	139.6
76.7	139.6
76.73154276	139.6
76.74	139.6
76.78	139.6
76.78	139.6
76.81530607	140.4
76.83	139.9624231
76.8663458	139.6
76.90633027	139.6
76.93313596	139.6
76.95	139.6
76.99	139.6
76.99	139.6
77.0289307	139.6
77.04123431	139.6
77.07	139.6
77.07	139.6
77.07	139.6
77.14782254	139.6
77.15	140.0777802
77.18920899	140.4
77.2220006	140.4
77.24844839	140.4
77.27	140.4
77.30883735	140.4
77.31103674	140.4
77.35	140.4
77.39	140.4
77.39	140.4
77.42468497	140.4
77.43	140.4
77.47	140.4
77.49690628	140.4
77.54211783	140.4
77.55	140.4
77.59	140.4
77.62040663	140.4
77.63	140.4
77.63	140.4
77.68836412	140.4
77.70111655	140.4
77.73	140.4
77.76	140.4
77.76099956	141.1
77.8	141.1
77.84	141.1
77.86234037	141.1
77.89	141.1
77.93	141.1
77.95921765	141.1
77.96	141.1
77.97401513	141.1
78.01	141.1
78.05	141.1
78.05	141.1
78.06415433	141.1
78.11013068	141.1
78.13	141.1
78.17	141.1
78.19423526	141.1
78.21	141.1
78.22687401	141.1
78.26	141.1
78.29956123	141.1
78.32845096	141.1
78.33317251	141.1
78.37	141.1
78.38602153	141.1
78.41	141.1
78.41	141.1
78.44016299	141.1
78.47	141.1
78.51	141.1
78.53	141.1
78.56896805	141.1
78.57	141.1
78.59353118	141.9
78.63	141.9
78.67	141.9
78.6896557	141.9
78.7	141.9
78.7	141.9
78.74	141.9
78.77869361	141.9
78.78720083	141.9
78.82	141.9
78.82100185	141.9
78.86	141.9
78.86	141.9
78.89280224	141.9
78.91105098	142.7
78.95	142.2704795
78.99	141.9
78.99	141.9
79.03612575	142.7
79.05418523	142.7
79.06	142.7
79.11	142.7
79.15	142.7
79.18898414	142.7
79.20563172	142.7
79.23	142.7
79.268919	142.7
79.27306399	142.7
79.31	142.7
79.33619817	142.7
79.35	142.7
79.36406524	142.7
79.41	142.7
79.44	142.7
79.46764043	142.7
79.47	142.7
79.49483574	142.7
79.52	142.7
79.52	142.7
79.55011954	142.7
79.57676755	142.7
79.6	142.7
79.64	142.7
79.67037469	142.7
79.68	142.7
79.70817855	142.7
79.72	143.3433199
79.77	143.4
79.8	143.4
79.81177755	143.4
79.84	143.4
79.84	143.4
79.88	143.4
79.88129457	143.4
79.93	143.4
79.96013968	143.4
79.98531834	143.4
80.01	143.4
80.04468817	143.4
80.05509652	143.4
80.09	143.4
80.09	143.4
80.12254037	143.4
80.14318703	143.4
80.18	143.4
80.21	143.4
80.24763569	143.4
80.26	143.4
80.3	143.4
80.33	143.4
80.33	143.4616405
80.35222609	144.2
80.38388233	144.2
80.41	144.2
80.43634298	144.2
80.45	144.2
80.48656773	144.2
80.51	144.2
80.55	144.2
80.58	144.2
80.58923144	144.2
80.63	144.2
80.66	144.2
80.68847156	144.2
80.7	144.2
80.74	144.2
80.74111148	144.2
80.78	144.2
80.82	144.2
80.85011804	144.2
80.87	144.2
80.90963551	144.2
80.93666967	144.2
80.95	144.2
80.99	144.2
80.9931574	144.2
81.03	144.2
81.06022392	144.2
81.08685882	145
81.11	144.3076074
81.15	144.2
81.15717734	144.2
81.19	144.2
81.19906205	144.2
81.24	144.8058006
81.27	145
81.29204293	145
81.31	145
81.31503027	145
81.35	145
81.36145725	145
81.4	145
81.43232997	145
81.45142756	145
81.48	145
81.51	145
81.5139356	145
81.56	145
81.60068377	145
81.61724054	145
81.65	145
81.68	145
81.68	145
81.72042027	145
81.73393971	145
81.76	145
81.77415391	145
81.81	145.6814528
81.85	145.7
81.89	145.7
81.90119844	145.7
81.93	145.7
81.97	145.7
82.00683133	145.7
82.01	145.7
82.03416408	145.7
82.05	145.0186392
82.09	145
82.0964481	145.7
82.14	145.7
82.18	145.7
82.18	145.7
82.20767206	145.7
82.24948762	145.7
82.25723962	145.7
82.29	145.7
82.33	145.7
82.3756831	146.5
82.4084096	146.5
82.41507103	146.5
82.45	146.5
82.49	146.5
82.49	146.5
82.53609292	146.5
82.54	146.5
82.57645651	146.5
82.62	146.5
82.62311461	146.5
82.66	146.5
82.69691072	146.5
82.7	146.5
82.72726483	146.5
82.76694542	146.5
82.78	146.5
82.82	146.5
82.84429934	147.2
82.86	147.2
82.86	147.2
82.91	147.2
82.95077026	147.2
82.98431488	146.5
82.99	146.5
82.99	147.2
83.03	146.7833642
83.07	146.5
83.07644372	147.2
83.12	147.2
83.16	147.0347528
83.17927118	146.5
83.1930626	147.2
83.23	147.2
83.24127759	147.2
83.27	147.2
83.27	147.2
83.32	147.2
83.33578227	147.2
83.36	147.2
83.4	147.2
83.41347772	147.2
83.44	147.2
83.44130858	148
83.49	148
83.52	147.9357366
83.54384954	147.2
83.56	147.2
83.6	147.2
83.6	148
83.65	148
83.67768549	148
83.70498455	148
83.72	148
83.72302466	148
83.76	147.6397001
83.79894015	147.2
83.8	147.2
83.81153391	148
83.85	148
83.89383176	148
83.91664683	148
83.93	148
83.93524883	148
83.97	148
84.01	148
84.01650211	148.8
84.06	148.8
84.09	148.8
84.10343987	148.8
84.13	148.8
84.17	148.8
84.19251493	150.3
84.22	148.8
84.27	148.8
84.29	148.8
84.31748014	150.3
84.34	148.8
84.38	148.8
84.38126773	148.8
84.43	148.8
84.46	149.4686546
84.5	150.3
84.50917831	150.3
84.54	150.3
84.54	150.3
84.58	150.3
84.61943521	150.3
84.66768098	150.3
84.68496736	150.3
84.7	150.3
84.74	150.3
84.77238835	150.3
84.78	150.3
84.78	150.3
84.85128826	150.3
84.86	150.3
84.91	150.3
84.92392677	151.1
84.95	151.1
84.95725157	151.1
84.99	151.1
85.03	151.1
85.06543459	150.3
85.08	150.3
85.08519432	150.3
85.12	150.3
85.16	150.3
85.16	150.3
85.180371	151.1
85.23	151.1
85.27863373	151.1
85.28	151.1
85.32	151.1
85.35002693	151.1
85.39948665	151.1
85.4134079	151.1
85.44	151.1
85.48	151.1
85.48	151.1
85.52611274	151.1
85.53	151.1
85.58257446	151.1
85.6	151.5989731
85.64	151.8
85.65406236	151.1
85.69	151.8
85.72	151.8
85.73166953	151.8
85.77	151.8
85.81	151.8
85.83616182	151.8
85.85	151.8
85.85914531	151.8
85.89	151.8
85.93	151.8
85.96238384	151.8
85.97	151.8
85.9901002	151.8
86.01	151.8
86.01129128	151.8
86.06	152.0278617
86.09478862	152.6
86.1	152.6
86.11142064	152.6
86.14	152.6
86.17	152.6
86.17917383	151.8
86.22	151.8
86.22	151.8
86.25180217	152.6
86.3	152.6
86.34	152.6
86.37461465	152.6
86.38308401	152.6
86.42	152.6
86.45285953	152.6
86.48334083	152.6
86.5	152.6
86.54315353	152.6
86.56474205	152.6
86.58	152.6
86.59166803	152.6
86.62	152.6
86.66872264	152.6
86.68	152.6
86.72155186	153.3787369
86.74	153.4
86.74	153.0914378
86.7650869	152.6
86.79	152.6
86.83	152.6
86.85827764	152.6
86.87717237	153.4
86.91	153.4
86.93637282	153.4
86.95	152.6
86.99	152.6
87.00410488	153.4
87.04	152.6
87.07	152.6
87.08162223	152.6
87.12	153.2929688
87.16	153.4
87.17533401	153.4
87.19	153.4
87.26	153.1310535
87.28	152.8328623
87.30777498	153.4
87.32102594	153.4
87.36	153.4
87.37432193	153.4
87.41	153.8944208
87.45583628	154.0822919
87.48	153.4
87.48533377	153.4
87.52	153.4
87.56	153.4
87.56	153.4
87.59225518	153.4
87.6	153.4
87.64	153.4
87.6569947	153.4
87.69	153.4
87.72	153.4
87.72	153.4
87.75301977	153.4
87.78	154.1
87.82	154.1
87.85	154.1
87.86603151	153.4
87.89	154.1
87.93	154.1
87.93549247	154.1
87.97	154.1
88.01	154.1
88.04248642	154.1
88.05	154.1
88.07155541	154.1
88.09	154.1
88.12514813	154.1
88.14	154.1
88.18	154.6981143
88.22	154.9
88.22	154.9
88.25	154.9
88.25902721	154.9
88.3	154.9
88.34873434	154.9
88.37111277	154.1
88.38	154.1
88.38	154.9
88.43	154.3411776
88.46	154.1
88.47811371	154.1
88.5	154.1
88.53247269	154.9
88.54940621	154.9
88.58	154.9
88.58	154.9
88.63	154.9
88.64950916	154.9
88.67	154.9
88.67	154.9
88.72	154.9
88.75	154.9
88.78451163	154.9
88.79	154.9
88.81197514	155.6
88.83	155.6
88.85760581	155.6
88.88	155.6
88.92	155.6
88.93342296	155.6
88.96	155.6
88.99	155.6
88.99	155.6
89.03	155.6
89.06000969	155.6
89.08	155.6
89.12	155.6
89.14612044	155.6
89.15	155.6
89.19872311	155.6
89.20307932	155.6
89.24	155.6
89.25772794	154.9
89.28	155.5056735
89.32	155.6
89.32	155.6
89.33706083	155.6
89.37	155.6
89.41	155.6
89.42995429	155.6
89.45	155.6
89.49	155.6
89.51917844	155.6
89.52	155.6
89.53342391	155.6
89.56	155.6
89.56	155.6
89.61	155.6
89.63783699	155.6
89.65	155.6
89.69	155.6
89.72898362	155.6
89.73	155.6
89.76464953	155.6
89.77521006	155.6
89.81	155.6
89.81	155.744107
89.85572447	156.4
89.89	156.4
89.93	156.4
89.93	156.4
89.97	156.4
90.00663208	156.4
90.01	156.4
90.01	156.6710723
90.07434788	157.2
90.09512228	156.4
90.10520796	156.4
90.14	156.4
90.14	156.4
90.15127548	156.4
90.18	156.4
90.22030192	156.4
90.23696953	156.4
90.26	156.4
90.3	156.4
90.33019305	156.4
90.34	156.4
90.38305046	156.4
90.39	156.4
90.43277116	156.4
90.4530373	156.4
90.46	156.4
90.46107054	156.4
90.5	156.7529193
90.53461093	157.2
90.54	157.2
90.54644539	157.2
90.59	157.2
90.62	157.2
90.64500112	157.2
90.67	157.2
90.71	157.2
90.71	157.2
90.76	157.2
90.79	157.2
90.80965811	157.2
90.84	157.2
90.87	157.2
90.87	157.2
90.9068422	157.2
90.91	157.2
90.93396411	157.2
90.97	157.2
90.99019812	157.2
91.02732305	157.2
91.03	157.2
91.03	157.2
91.07607348	157.2
91.08	157.2
91.12	157.2559489
91.13962046	157.9
91.17	157.9
91.2	157.9
91.2	157.9
91.22417814	157.9
91.24	157.9
91.24	157.9
91.29	157.9
91.29707296	157.9
91.33	157.9
91.33	157.5567332
91.34985877	157.2
91.39626976	157.9
91.4	157.9
91.44	157.9
91.46004056	157.9
91.48	157.9
91.51315609	157.9
91.54	157.9
91.58611179	157.9
91.61	157.9
91.66	157.9
91.6718693	157.9
91.69	157.9
91.70679077	157.9
91.74075314	157.9
91.77	157.9
91.77720454	157.9
91.81	157.9
91.84240124	157.9
91.85	157.9
91.85	157.9
91.9	157.9
91.90704207	157.9
91.93	157.9
91.96898539	157.9
91.97507986	157.9
92.01	157.9
92.03464539	157.9
92.06	157.9
92.06	157.9
92.11203776	158.5953631
92.14	157.9
92.15787236	157.9
92.18	157.9
92.22	157.9
92.22	157.9628798
92.22892095	158.7
92.27226355	158.7
92.3	158.7
92.32724608	158.7
92.35	158.7
92.38	158.7
92.4101778	158.7
92.43	159.5
92.47	159.1454353
92.49916742	158.7
92.5	158.7
92.52783586	159.5
92.55	158.7
92.59	158.7
92.61376435	158.7
92.63	158.7
92.63105348	159.5
92.67	159.0560414
92.70392064	158.7
92.71101391	159.5
92.75	159.5
92.77422331	158.7
92.79	158.7
92.82028432	159.5
92.84	159.5
92.88	159.5
92.90432342	159.5
92.91	159.5
92.94475188	159.5
92.95	159.5
93	159.5
93.00805478	159.5
93.05	159.5
93.07924585	159.5
93.10007861	159.5
93.12	159.5
93.12	159.5
93.13976513	159.5
93.17	159.5
93.20181952	159.5
93.23922135	159.5
93.24	159.5
93.28	159.5
93.31739112	159.5
93.33	160.1068357
93.37	160.2
93.37530601	160.2
93.41	160.2
93.44	160.2
93.44	160.2
93.47648249	160.2
93.5	160.2
93.55205655	160.2
93.56	161
93.61	161
93.61301109	161
93.65	161
93.68011763	161
93.69	161
93.7174258	161
93.74	160.2
93.77	160.3065224
93.79631796	161
93.81	161
93.85	161
93.85317003	161
93.89	161
93.89142096	161
93.94	161
93.97890486	161
93.99154546	161
94.01	161
94.03976669	161
94.06	161.5680962
94.1	161.7
94.1	161.7
94.12472789	161
94.15	161
94.2	161
94.22	161
94.22727551	161
94.26	161
94.2899397	161.7
94.32	161.7
94.35	161.7
94.3700818	161.7
94.39	161.7
94.42	161.7
94.44759831	161.7
94.47	161.7
94.51868871	161.7
94.54423497	161.7
94.55	161.7
94.59	161.7
94.62897535	161
94.63	161.1979024
94.65191859	161.7
94.67	161.7
94.68960496	161.7
94.72561514	161.7
94.75	161.7
94.79	161.7
94.79	161.7
94.8045432	161.7
94.84	161.7
94.88	161.7
94.90274421	161.7
94.91	161.7
94.94014054	161.7
94.96	161.7
95	161.7
95.03037282	161.7
95.04	161.7
95.05089306	161.7
95.11107267	161.7
95.12	162.264802
95.16	162.5
95.19897707	161.7
95.20510113	161.7
95.24	161.7
95.24	161.7
95.25398325	162.5
95.31304181	161.7
95.32	161.7
95.36618043	161.7
95.37	161.7
95.37	162.5
95.41	162.5
95.41	162.5
95.41	162.5
95.41527071	162.5
95.48	162.5
95.51495205	162.5
95.53	162.5
95.57	162.5
95.57930575	162.5
95.61	162.5
95.62439077	162.5
95.66	162.5
95.69	162.5
95.70109039	162.5
95.73	162.5
95.77	162.5
95.77	161.7215473
95.82	161.7
95.83608692	162.5
95.85	162.5
95.85	162.5
95.9	162.5
95.91019195	162.5
95.93	162.5
95.96007388	161.7
95.98313169	162.5
96.02	162.5
96.0504726	162.5
96.06	162.5
96.09470381	162.5
96.1	162.5
96.10382426	163.3
96.15	163.3
96.17441681	163.3
96.18	163.3
96.20074649	162.5
96.24986973	163.3
96.26	163.3
96.26127847	163.3
96.31	162.9833724
96.33614554	162.5
96.35	162.5
96.4	162.5
96.42238649	162.5
96.43	162.5
96.46447463	162.5
96.47	162.5
96.50249523	163.3
96.52	163.3
96.56	163.3
96.56101049	163.3
96.6	163.3
96.63	163.3
96.67	163.3
96.6710724	163.3
96.71	163.3
96.71	163.3
96.77	163.3
96.77867038	163.3
96.8	163.8670839
96.84	163.840943
96.86119779	163.3
96.87	163.3
96.87392036	163.3
96.92	163.3
96.95325787	164
96.99726849	164
97	164
97.04	163.9074035
97.06352367	163.3
97.08	163.3
97.08	163.5686099
97.10085402	164
97.13094261	164
97.19829209	164
97.28	164
97.28	164
97.32086974	164
97.37	164.5911885
97.41	164.8
97.45	164.8
97.45	164.8
97.5	164.8
97.53	164.8
97.57	164.8
97.60739834	164.8
97.61	164.8
97.65087697	164.8
97.66395062	164.8
97.69	164.8
97.73	164.8
97.73	164.8
97.74377711	164.8
97.77	164.8
97.81	164.8
97.84795048	165.6
97.86	165.6
97.8873629	165.6
97.92020653	165.6
97.94	165.6
97.98	165.6
97.98	165.6
97.99686555	165.6
98.03	165.0333134
98.07	164.8
98.08770947	165.6
98.1	165.6
98.14	165.6
98.17037544	165.6
98.18	165.6
98.20976412	165.6
98.23	166.2455732
98.27553869	166.3
98.29506781	166.3
98.31	166.3
98.34	166.3
98.38336061	166.3
98.39	166.3
98.40957093	165.6
98.44	166.2057488
98.48	166.3
98.49954836	166.3
98.51	166.3
98.55	166.3
98.57756669	166.3
98.6	166.3
98.6	167.1
98.65	166.9504642
98.66839524	166.3
98.67301661	166.3
98.71	166.3
98.71	166.3
98.75344802	167.1
98.76311968	166.3
98.8	166.3
98.83686765	166.3
98.84525593	166.3
98.88	166.3
98.88317161	166.3
98.92	166.3
98.95897021	166.3
98.96	166.3
98.96779032	167.1
99.0267416	167.1
99.04	167.1
99.07686908	167.1
99.08	167.1
99.12	167.1
99.12	167.1
99.12	167.1
99.18	167.1
99.18	167.1
99.22	167.1
99.25	167.1
99.26987317	167.1
99.29	167.1
99.33	167.1
99.33897082	167.1
99.38	167.1
99.41	167.1
99.43825809	167.1
99.45	167.1
99.45	167.1
99.49032182	167.1
99.50311735	167.8
99.54	167.8
99.54	167.4836363
99.56650347	167.1
99.60112492	167.1
99.61	167.1
99.65	167.1
99.66767613	167.1
99.69	167.1
99.69	167.1
99.69	167.1
99.75	167.1
99.77271132	167.1
99.78947927	167.1
99.82	167.1
99.8589659	167.1
99.86	167.1
99.86	167.6308758
99.90168772	167.8
99.93842321	167.1
99.94	167.1
99.98	167.1898416
99.98774625	167.8
100	167.2315113
100.1	167.1
100.1	167.8
100.1	167.8
100.2	167.8
100.2921887	167.8
100.3	167.8
100.4	168.6
100.4	168.6
100.4284684	168.6
100.5	168.6
100.5079479	168.5380848
100.6	168.6
100.6	168.6
100.6337865	168.6
100.7	168.6
100.7077208	168.6
100.8	168.6
100.8	168.6
100.8285889	168.6
100.9	168.6
100.9342865	168.6
101	168.6
101.0972858	168.6
101.1	169.4
101.1	169.4
101.2	169.4
101.2131604	168.6
101.3	169.1233031
101.3	169.170341
101.3025658	168.6
101.4	169.0410961
101.4	169.4
101.4	169.4
101.4234572	169.4
101.5	169.4
101.560397	169.4
101.6	169.4
101.6	169.4
101.7	169.4
101.7	170.1
101.8	170.1
101.8	170.1
101.8866885	170.1
101.9	170.1
101.9924609	170.9
102	170.1
102.028228	170.1
102.1	170.7017361
102.1	170.9
102.1868988	170.1
102.2	170.1
102.2182001	170.1
102.3	170.5028677
102.3	170.9
102.3550267	170.9
102.4	170.9
102.4	170.9
102.4548767	170.9
102.5	170.9
102.5079725	170.9
102.6	170.9
102.6025718	170.9
102.7	170.9
102.7	170.9
102.7339413	170.9
102.8	170.9
102.8	170.9
102.8	170.9
102.8078426	170.9
102.9	170.9
102.9	170.9
102.9499856	170.9
103	170.9
103.0922934	171.7
103.1	171.7
103.1078269	171.7
103.2	171.7
103.222955	171.7
103.3	171.7
103.3	171.7
103.3338214	171.7
103.4	171.7
103.4	171.7
103.418307	171.7
103.5	171.7
103.5183561	171.7
103.6	171.7
103.6759195	171.7
103.7	171.7
103.7	171.7
103.7077429	171.7
103.8	171.7
103.8	171.7
103.8	171.7
103.9	171.7
103.9	172.4
103.9551375	171.7
104	172.3808336
104.0921193	172.4
104.1	172.4
104.1130361	172.4
104.2	172.4
104.2549587	172.4
104.3	172.4
104.3	172.4
104.3025857	172.4
104.4	172.4
104.4	172.4
104.4867793	172.4
104.5	172.4
104.518078	173.2
104.6	173.2
104.6	173.2
104.6	172.8399734
104.6690801	173.2
104.7	173.2
104.8	173.2
104.8	173.2
104.8922057	173.2
104.9	173.2
104.9	173.2
104.9866744	173.2
105	173.2
105.0336599	173.2
105.1	173.2
105.1	173.2
105.1184194	173.2
105.2	173.8084142
105.2	174
105.2709979	174
105.3	174
105.3	174.1247116
105.3	174.7
105.3338791	174
105.4	174
105.5	174
105.5233447	174.7
105.6	174.7
105.6230546	174
105.7	174
105.7	174.7
105.7438979	174.7
105.8	174.7
105.8	174.7
105.8656219	174.7
105.9	174.7
105.933791	174.7
106	174.7
106.0866321	174.7
106.1	174.7
106.1	174.7
106.1	174.7
106.1241173	174.7
106.2	174.7
106.2	174.7
106.2863634	174.7
106.3	174.7
106.3	174.7
106.3444397	175.5
106.4	175.5
106.4	175.5
106.5	175.5
106.5759628	175.5
106.6	175.5
106.6	175.5
106.62876	176.2
106.7	176.2
106.7	175.5
106.7336604	176.2
106.8	176.2
106.8	176.2
106.8494385	175.5
106.9	175.5
106.9	175.5
106.9757128	176.2
107	176.2
107.0502301	176.2
107.1	176.2
107.1	176.2
107.1078618	176.2
107.2	176.2
107.2974142	176.2
107.3	177
107.3499009	177
107.4	176.35153
107.4	176.2
107.4179932	177
107.5	177
107.5078783	176.2
107.6	176.2
107.6437967	176.2
107.7	176.7663263
107.7	177
107.7497802	177
107.8	177
107.8	177
107.8232953	177
107.9	177
107.9	177
107.9548442	177
108	177
108.0180979	177.8
108.1	177.8
108.1	177.8
108.1	177.8
108.1337109	177.8
108.2	177.8
108.2	177.8
108.2	177.8
108.2127846	177.8
108.3	177.8
108.3	177.8
108.302711	177
108.4	177
108.4974382	177.8
108.5	177.8
108.5973643	177.8
108.6	177
108.6501872	177.8
108.7	177.8
108.7607611	177.8
108.8	177.8
108.8	177.8
108.8599454	178.5
108.9	178.5
108.9657518	178.5
109	178.5
109.0654047	178.5
109.1	178.5
109.1	178.4348523
109.1651321	177.8
109.2	178.5
109.2	178.5
109.2340501	178.5
109.3	179.3
109.3	179.3
109.3287293	179.3
109.4	179.3
109.4859665	179.3
109.5	179.3
109.5811033	179.3
109.6	179.3
109.6	179.3
109.6550639	179.3
109.7	179.3
109.7	179.3
109.7071633	179.3
109.8	179.3
109.9	179.3
109.9183317	179.3
110	179.3
110.0079029	179.3
110.1	179.3
110.1	180.1
110.1337702	179.3
110.2	179.3
110.2	179.3
110.2	179.3
110.2	179.3
110.2867903	179.8625299
110.3	180.1
110.3916783	180.1
110.4	180.1
110.4865451	179.3
110.5	179.3
110.5974305	180.1
110.6	180.1
110.6	180.1
110.6	180.1
110.6	180.1
110.6814077	180.1
110.7	180.1
110.7920192	180.1
110.8	180.1
110.8	180.8
110.8077314	180.8
110.9	180.8
110.9500497	180.1
111	180.1
111.0867184	180.1
111.1	180.1
111.1	180.4116259
111.2	180.8
111.2	180.8
111.2	180.1
111.3	180.2984019
111.3599404	180.8
111.4	180.8
111.4	180.8
111.4865297	180.8
111.5	180.8
111.5077906	180.8
111.6	180.8
111.6	180.8
111.6448378	180.8
111.7	180.8
111.7	181.6
111.7	180.8
111.7500034	180.8
111.8	180.8
111.8	180.8
111.9	180.8
111.9	180.8
111.9807459	181.6
112	181.6
112.0232864	181.6
112.1	181.6
112.1550737	181.6
112.2	181.6
112.2	181.6
112.221175	181.6
112.3	181.6
112.3498933	181.6
112.4	181.6
112.4	181.6
112.4806129	181.6
112.5	181.6
112.5706789	181.6
112.6	181.6
112.6	181.6
112.7	181.6
112.7	181.6
112.7	181.6
112.7560422	182.3
112.8	181.618198
112.870645	182.3
112.9	182.3
112.9500257	182.3
113	182.3
113.0760355	183.1
113.1	182.3
113.1	183.1
113.1127786	183.1
113.2	183.1
113.2	183.1
113.297457	182.3
113.3	183.1
113.3	183.1
113.397401	183.1
113.4	183.9
113.5	183.1
113.5131117	183.1
113.6	183.1
113.6	183.9
113.6603105	183.9
113.7	183.9
113.7	183.9
113.7181946	183.9
113.8	183.9
113.8	183.9
113.9	183.9
113.9445599	183.9
114	183.9
114.0395875	183.9
114.1	183.9
114.1	183.9
114.1811925	183.9
114.2	183.9
114.2	183.9
114.2	184.0629444
114.2446031	183.9
114.3	183.9
114.3	183.9
114.3636643	183.9
114.4	183.9
114.4	183.6243884
114.4974251	183.9
114.5	183.9
114.5811395	184.6
114.6	184.6
114.6	183.9
114.6652262	183.9
114.7	183.9
114.7	183.9
114.7755393	183.9
114.8	183.9
114.8342591	183.9
114.9	183.9
114.9	183.9
115	184.6
115.0178823	183.9
115.1	183.9
115.1	184.0272225
115.1547774	184.6
115.2	184.6
115.2	184.3239213
115.3	184.6
115.3	183.9
115.3710717	184.6
115.4	184.6
115.4601445	184.6
115.5	184.6
115.5921153	184.6
115.6	184.6
115.6	184.6
115.6	184.6
115.6662751	184.6
115.7	184.6
115.770824	184.6
115.8	184.6
115.802668	185.4
115.9	184.9165349
115.9	184.6
115.9283704	185.4
116	185.4
116.1	185.4
116.1	184.6
116.1453358	186.2
116.2	185.4
116.2	185.4
116.2656117	185.4
116.3	185.4
116.3285642	185.4
116.4	185.4
116.4922637	185.4
116.5	185.4
116.5707018	185.4
116.6	185.4
116.6	185.4
116.697441	185.4
116.7	185.5423934
116.7	186.2
116.7	186.2
116.8	186.2
116.8	186.2
116.8	185.4
116.9	185.4
116.9	186.2
116.9553664	187.7
117	186.2398716
117.0025499	186.2
117.1	186.2
117.1866947	186.2
117.2	187.7
117.2	187.7
117.2861463	186.2
117.3	187.7
117.3	187.7
117.3866043	187.7
117.4	186.2
117.4548454	186.2
117.5	186.2
117.5186919	188.4
117.6	188.4
117.6131545	187.7
117.7	187.7
117.7	187.7
117.8	187.7
117.8	187.7
117.8	187.7
117.8	187.7
117.8860288	187.7
117.9	187.7
117.902656	187.7
118	187.9341049
118.0498832	188.4
118.1	187.7
118.1	188.4
118.1922218	187.7
118.2	187.7
118.2	187.7
118.2396601	188.4
118.3	188.4
118.3	187.8386799
118.3504141	188.4
118.4	190
118.4	190
118.4760056	188.4
118.5	188.4
118.5448132	188.4
118.6	188.4
118.6394518	189.9580243
118.7	189.8799763
118.7554938	190
118.8	190
118.8283086	190
118.9	190
118.9	190
118.9868294	190
119	190
119.0757851	190
119.1	190
119.1	190
119.1973851	190.7
119.2	190.7
119.2447022	190.7
119.3	190.7
119.3	190.7
119.3	190.7
119.3550567	190.7
119.4	190
119.4	190
119.4341879	190
119.5	190
119.5865292	190
119.6	190
119.6	190
119.6393153	190.7
119.7	190.7
119.7	190.7
119.7455958	190.7
119.8	190.7
119.8656481	190.7
119.9	190.7
119.9810792	190.7
120	190
120.0181696	190.7
120.1	191.2643747
120.1756903	191.5
120.2	191.5
120.2	190.7
120.2	191.225016
120.297391	191.5
120.3	191.5
120.3176663	190.7
120.4	191.2647721
120.4708082	191.5
120.5	191.5
120.5283402	191.5
120.6	191.5
120.6	191.5
120.6	192.3
120.7	192.3
120.7	191.5627093
120.7657561	192.3
120.8	192.3
120.8287425	192.3
120.9	191.5
120.9	191.5
120.9183445	191.5
121	191.5
121.055321	192.3
121.1	192.3
121.1	192.3
121.2	192.3
121.2	192.3
121.2974456	192.3
121.3	192.3
121.3	192.3
121.376074	192.3
121.4	192.3
121.4	192.3
121.5	192.3
121.5867675	193
121.6	193
121.648169	193
121.7	193
121.7	193
121.7026956	193
121.8	193
121.8974285	193
121.9	193
121.9	193
121.9079946	193
122	193
122.0868874	193
122.1	193
122.1	193.1865752
122.1708254	193.8
122.2	194.5
122.2	193.2338667
122.2811344	193
122.3	193
122.3	193
122.4	193
122.4	193
122.4	193
122.4922543	193.8
122.5	193.8
122.5604426	193.8
122.6	193.8
122.6	193.8
122.6130556	193.8
122.7	193.8
122.7	193.8
122.7760416	193.8
122.8	193.8
122.8974347	193.8
122.9	193.8
122.9	193.8
122.9	193.8
122.9813261	193.8
123	193.8
123.1	193.8
123.1	193.8
123.1864307	194.5
123.2	193.8
123.2025766	194.5
123.3	194.5
123.3813106	194.5
123.4	194.5
123.4	194.5
123.4393159	194.5
123.5	194.5
123.5285327	194.5
123.6	194.0039692
123.6	193.8
123.6	194.5
123.6705349	195.3
123.7	195.3
123.7286448	194.5
123.8	194.5
123.8	194.5
123.8604125	194.5
123.9	195.3
123.9	195.3
123.9131665	194.5
124	194.5
124.0287043	195.3
124.1	195.947803
124.1	196.1
124.1	196.1
124.2	196.1
124.2	196.1
124.229092	195.3
124.3	195.3
124.3	195.3
124.3552072	195.3
124.4	196.0788414
124.4	196.1
124.5	196.1
124.5811759	196.1
124.6	196.8
124.6175741	196.1
124.7	195.6983855
124.7	195.3
124.7	195.3
124.7445177	195.3
124.8	195.3
124.8916126	195.3
124.9	196.1
124.9811072	196.8
125	196.8
125.0230973	196.1
125.1	196.1
125.1548734	196.1
125.2	196.7813173
125.2707481	196.8
125.3	196.8
125.3	196.8
125.3812965	196.8
125.4	196.8
125.4	196.8
125.4236888	196.8
125.5	196.8
125.5923038	197.6
125.6	197.6
125.6	197.6
125.6867863	197.6
125.7	197.6
125.7079324	196.9071801
125.8	197.2819383
125.8	196.8
125.8077864	196.8
125.9	196.8
125.9350544	197.6
126	197.6
126.0129667	197.6
126.1	198.1274627
126.1	198.4
126.1285278	197.6
126.2	198.1617575
126.2974356	198.4
126.3	197.6
126.3759831	197.6
126.4	197.6
126.4	197.6
126.4	197.6
126.5	197.9580708
126.5550839	197.6
126.6	198.291354
126.6	198.4
126.6281638	197.6
126.7	197.6
126.7	198.2047329
126.7812117	198.4
126.8	198.4
126.8	198.4
126.8972983	197.6
126.9	198.4
126.9	198.4
126.9	198.4
126.9449092	198.4
127	198.4
127.0394639	198.4
127.1	198.4
127.1552689	199.1
127.2	198.4
127.2025958	198.4
127.3	198.4
127.3	198.4
127.3387006	198.4
127.4	199.1
127.4025691	199.1
127.5	199.1
127.6	199.1
127.6	199.1
127.6654529	199.1
127.7	199.1
127.7	199.1
127.8	199.2029647
127.8	199.9
127.8341294	199.1
127.9	199.1
127.9	199.9
128	199.9
128.0130291	199.9
128.1	199.9
128.1	200.7
128.1975456	199.9
128.2	199.1
128.2	199.9
128.3	199.9
128.3	199.9
128.4	199.1
128.4552002	199.9
128.5	199.9
128.597425	199.9
128.6	200.7
128.6	200.7
128.6812514	200.7
128.7	200.7
128.7286934	200.7
128.8	201.3446698
128.8760057	200.7
128.9	200.7
128.9	199.9
128.9076749	200.7
129	200.7
129.0812741	200.7
129.1	200.7
129.2	200.7
129.2	200.7
129.2343816	200.7
129.3	201.4
129.3	201.4
129.3847003	201.4
129.4	201.4
129.4609654	201.4
129.5	201.4
129.5707497	200.7
129.6	200.7
129.6449303	201.4
129.7	201.4
129.7	201.4
129.7758675	201.4
129.8	201.4
129.8	202.2
129.8128368	201.4
129.9	201.4
129.9	201.4
129.9396891	202.2
130	201.7604819
130.1	202.2
130.1285742	201.4
130.2	201.4
130.2	201.4
130.3	201.4
130.3549738	202.2
130.4	202.2
130.4	202.9
130.492326	201.4
130.5	201.4
130.5654407	201.4
130.6	201.4
130.6	201.4
130.6395075	201.4
130.7	201.4
130.7341785	202.9
130.8	202.9
130.8349129	202.9
130.9	202.9
130.9	202.9
130.9128582	202.9
131	202.9
131.0079059	202.2
131.1	202.2
131.1340487	202.9
131.2	202.9
131.3	202.9
131.3130025	202.9
131.4	202.9
131.4974311	203.6780648
131.5	202.9
131.5974147	202.9
131.6	202.9
131.6	202.9
131.6656112	202.9
131.7	202.9
131.7	202.9
131.8	202.9
131.9	202.9
131.9285444	203.7
132	203.7
132.0079284	202.9
132.1	202.9
132.1025476	203.7
132.2	203.7
132.2	203.7
132.3	203.8855622
132.3	204.5
132.3	203.7
132.3209111	203.7
132.4	203.7
132.4	203.7
132.4760262	202.9
132.5	202.9
132.5449076	203.7
132.6	203.7
132.6867603	203.7
132.7	203.7
132.7	203.7
132.7708111	203.7
132.8	203.7
132.8	203.7
132.8974483	203.7
132.9	203.7
132.9	203.7
132.9	203.7
132.9973572	203.7
133	203.7
133.0080253	204.5
133.1	204.0278426
133.1	203.7
133.112656	204.5
133.2	204.5
133.2	204.5
133.2284412	204.5
133.3	204.5
133.3	204.3497446
133.4	204.5
133.4547833	204.5
133.5	205.2
133.5026091	204.5
133.6	204.5
133.6553556	204.5
133.7	204.5
133.7	204.5
133.7553517	204.5
133.8	204.5
133.8	204.5
133.8549429	204.5
133.9	204.5
133.9451388	205.2
134	205.2
134.0079566	205.2
134.1	205.2
134.1808698	205.2
134.2	206
134.2075769	205.2
134.3	205.2
134.3447259	205.2
134.4	205.2
134.4656751	206
134.5	206
134.5656748	206
134.6	206
134.6	206
134.6	205.2
134.7	205.4746383
134.7	206
134.7079192	206.8
134.8	206.2782958
134.8	206
134.859443	206
134.9	206.8
135	206
135.060236	206
135.1	206
135.1	206
135.1337556	206
135.2	206
135.2	206
135.2453246	206.8
135.3	206.8
135.3	206
135.3756054	206.3153776
135.4	206.8
135.459175	206.8
135.5	206.8
135.5231728	206.8
135.6	207.0765903
135.6447203	207.5
135.7	207.5
135.7974209	207.5
135.8	207.5
135.8	207.5
135.8282072	206.8
135.9	207.4067133
135.9	207.5
135.9	206.8
136	207.4811249
136.1	207.5
136.1128718	207.5
136.2	207.5
136.2	207.5
136.2922452	207.5
136.3	208.3
136.3341881	207.5
136.4	207.5
136.4	207.7264766
136.4757188	208.3
136.5	208.3
136.534283	208.3
136.6	208.3
136.6	208.3
136.6501485	208.3
136.7	208.3
136.7078703	208.3
136.8	208.3
136.8	208.3
136.8	208.3
136.8552969	208.3
136.9	209
136.9079291	208.3
137	208.3
137.071244	208.3
137.1	208.3
137.1974149	208.3
137.2	209
137.2283543	209
137.3	209
137.3	209
137.3496996	209
137.4	209
137.4027359	209.8
137.5	209.8
137.5124992	209
137.6	209
137.6	209
137.6025455	209
137.7	209
137.7	209
137.7649746	209
137.8	209
137.8707553	209
137.9	209
137.9	209
137.9866931	209
138	209
138.0865312	209.8
138.1	209.8
138.1	209.8
138.1597917	209.8
138.2	209.8
138.3	209.8
138.3759297	210.6
138.4	209.8
138.4453263	209.8
138.5	209.8
138.6	210.6
138.6	209.8
138.6079139	209.8
138.7	210.2840236
138.7	210.6
138.7708571	210.6
138.8	210.6
138.8129123	210.6
138.9	210.6
138.9128226	210.6
139	210.6
139.076285	210.6
139.1	210.6
139.1343654	210.6
139.2	211.3
139.2232009	211.3
139.3	211.3
139.3650471	211.3
139.4	210.6
139.4340065	211.3
139.5	211.3
139.5655897	212.1
139.6	211.3
139.6	212.1
139.6973167	212.1
139.7	212.1
139.7504011	211.3
139.8	211.3
139.8	212.1
139.9	212.1
139.9285573	212.9
140	212.9
140.0518842	212.9
140.1	212.9
140.1	212.1
140.1764544	212.1
140.2	212.1
140.2	212.1
140.2342697	212.1
140.3	212.1
140.3	212.9
140.3647227	212.9
140.4	212.9
140.4181342	212.9
140.5	212.9
140.5811816	212.9
140.6	212.9
140.6286854	212.1
140.7	212.9
140.7	212.9
140.7445492	212.9
140.8	212.9
140.8	213.6
140.9	212.9
140.9	212.9
140.9	213.6
141	213.6
141.0762055	213.6
141.1	213.6
141.1	214.0788493
141.1548526	213.6
141.2	213.6
141.3	213.6
141.4	213.6
141.4	214.4
141.4657458	214.4
141.5	214.4
141.5974192	214.4
141.6	214.4
141.6757233	214.4
141.7	214.4
141.7	214.4
141.7	214.4
141.7758113	214.4
141.8	214.4
141.8652227	214.4
141.9	214.4
141.913298	214.4
142	214.4
142.0920968	214.4
142.1	213.6
142.1	214.4
142.1867616	214.4
142.2	214.4
142.2	214.4
142.2547314	215.1
142.3	215.1
142.3395101	215.1
142.4	215.1
142.407917	215.1
142.5	215.1
142.5284789	215.1
142.6	215.1
142.6130488	214.4
142.7	214.4
142.7974163	215.1
142.8	215.1
142.8236905	215.1
142.9	215.1
142.9	215.1
143	215.1
143.0026828	215.9
143.1	215.9
143.1811357	216.7
143.2	216.7
143.2	215.9
143.2503523	215.9
143.3	215.9
143.3284739	215.9
143.4	215.9
143.4447594	215.9
143.5	215.9
143.6	216.7
143.6180475	216.7
143.7	216.7
143.7	216.7
143.7759315	216.7
143.8	216.7
143.8974101	216.7
143.9	217.4
143.9	217.4
143.9025864	216.7
144	216.7
144.0025356	216.7
144.1	217.1110537
144.1184219	217.4
144.2	217.4
144.2126893	217.4
144.3	217.4
144.3	217.4
144.3395234	215.9
144.4	216.6367031
144.4185076	217.4
144.5	217.4
144.5865163	217.4
144.6	218.2
144.6922345	217.4
144.7	218.2
144.7544851	218.2
144.8	218.2
144.8077899	218.2
144.9	218.2
144.9604596	218.2
145	218.2
145.0556351	218.2
145.1	218.2
145.1	218.3033818
145.1394749	219
145.2	218.3056475
145.2	218.2
145.275927	218.2
145.3	218.2
145.3974337	218.2
145.4	218.2
145.4	218.2
145.4654981	218.2
145.5	218.2
145.5709005	218.2
145.6	218.2
145.6	218.2
145.6654147	219
145.7	219
145.7	219
145.7813641	217.4
145.8	219
145.8076751	219
145.9	219
145.9	219
146	217.4
146.0025708	218.2
146.1	218.6797282
146.1	218.3904333
146.1239207	219
146.2	219
146.202651	219
146.3	219.3838735
146.3	219.7
146.3025873	218.2
146.4	218.2
146.4812507	218.2
146.5	219
146.5869413	218.2
146.6	219
146.6400837	219
146.7	218.2
146.7	218.2
146.8	218.2
146.8868342	219.5362385
146.9	219
146.9811938	219
147	219
147.0078466	219
147.1	219.4904972
147.1	219.7
147.1755813	219.7
147.2	219.7
147.2	219.7
147.3	219.7
147.3234849	219.7
147.4	219.7
147.4	219.7
147.4447517	219.7
147.5	219.7
147.5291089	219.7
147.6	219.7
147.6	220.5
147.7	219.9757356
147.7	219.7
147.7866552	219.7
147.8	219.7
147.8	219.7
147.8392875	220.5
147.9	220.5
147.9	220.5
147.992217	220.2721995
148	219.9277239
148.0025625	220.5
148.1	220.5
148.1651181	221.3
148.2	220.5
148.2502722	220.5
148.3	220.5
148.3	221.3
148.4	221.3
148.4	221.3
148.4182888	222
148.5	221.3
148.5445076	221.3
148.6	221.3
148.6	221.3
148.6338163	222
148.7	221.3
148.7506842	221.3
148.8	222
148.8921811	221.3
148.9	221.3
148.9226118	221.3
149	221.3
149.080758	221.3
149.1	221.3
149.1447334	221.3
149.2	221.9443626
149.2	222
149.2	222
149.2436491	222
149.3	221.3
149.3	221.0265139
149.3921487	221.3
149.4	221.3
149.4	222
149.4973176	222
149.5	222
149.534171	221.3
149.6	221.3
149.6078302	222
149.7	222
149.7	222
149.7	220.5
149.7077783	222
149.8	222
149.8	222
149.9	222
149.9	222
149.9702959	222
150	222
150.081216	222
150.1	222
150.1	221.586211
150.2	222
150.2	222.8
150.2506055	222
150.3	222
150.3	222
150.3398965	222.8
150.4	222
150.4449803	222
150.5	222
150.5654946	222
150.6	222
150.6	222
150.6444665	222
150.7	222
150.7	222
150.7	222
150.754653	222.8
150.8	222.0620664
150.8	222.1451318
150.8973084	222
150.9	222.0217464
150.9	222.8
150.9705216	222.8
151	222.8
151.0130182	222.8
151.1	224.0197662
151.1971867	224.3
151.2	224.3
151.2	224.0255543
151.2027762	222.8
151.3	222.8
151.3	222.8
151.3866214	224.3
151.4	224.3
151.4179908	224.3
151.5	224.3
151.5235102	222.8
151.6	224.0074501
151.6922318	224.3
151.7	222.8
151.7	224.7935391
151.7181527	224.3
151.8	224.3
151.8	224.652443
151.8234432	224.3
151.9	224.8621626
152	224.3
152.0761831	222.8
152.1	224.3
152.1761678	224.3
152.2	225.1
152.2973046	224.3
152.3	225.1
152.3760527	225.1
152.4	225.1
152.4	225.1
152.4655545	224.3
152.5	224.3
152.5451212	224.3
152.6	224.3
152.6	224.3
152.6550861	224.3
152.7	224.3
152.7	224.3
152.8	224.3
152.8	224.7376508
152.8026328	224.3
152.9	224.3
152.9	224.4009767
152.9603774	225.1
153	225.1
153.0183076	225.1
153.1	225.1
153.1	225.1
153.1811506	225.1
153.2	225.8
153.2	225.8
153.2706977	225.8
153.3	225.8
153.3867483	225.8
153.4	225.8
153.4	225.8
153.5	225.8
153.5340514	225.8
153.6	225.8
153.6180192	225.1
153.7	225.5959561
153.7	225.8
153.8	225.8
153.8973112	225.1
153.9	225.8
153.9	225.8
153.9972979	225.8
154	225.8
154.0026265	225.8
154.1	225.8
154.1	225.8
154.1184075	225.8
154.2	225.8
154.2	226.6
154.2	226.6
154.2276083	225.8
154.3	225.8
154.3283096	225.8
154.4	225.8
154.4	226.5388168
154.4	226.6
154.4403563	225.8
154.5	226.6
154.5503861	226.6
154.6	225.8206168
154.6921058	226.454718
154.7	225.8635376
154.7921575	225.8
154.8	225.8
154.8557193	225.8
154.9	225.8
154.9128272	226.6
155	226.6
155.0130372	225.8
155.1	226.4071384
155.1395213	225.8
155.2	225.8
155.2288213	225.8
155.3	225.8
155.3	225.8
155.4	225.8
155.4	225.8
155.4441818	226.6
155.5	227.3785864
155.5231751	227.4
155.6	226.8754566
155.7	226.6
155.741139	226.6
155.8	227.4
155.8	226.7503881
155.9	226.6
155.9	226.9510068
155.9	227.4
156	227.0463453
156.0286497	227.4
156.1	227.4
156.1	227.4
156.1	227.4
156.2	227.4
156.2	227.4
156.2025701	227.4
156.3	227.4
156.3867244	227.4
156.4	227.4
156.4	227.4
156.4491308	228.1
156.5	228.1
156.5182969	227.4
156.6	227.4
156.6	227.4
156.6496551	227.4
156.7	227.4
156.8	227.4
156.8810612	228.1
156.9	228.1
156.9753561	227.4
157	227.4
157.0705994	228.9
157.1	228.3770173
157.2	228.1
157.2232679	228.1
157.3	228.1
157.3	228.1
157.3496878	228.1
157.4	228.1
157.4602026	228.1
157.5	228.1
157.6	228.9
157.6	227.4
157.6	227.4
157.6445953	228.9
157.7	228.120519
157.780761	228.9
157.8	228.9
157.8811505	228.9
157.9	228.9
157.9	228.9
157.9447687	228.9
158	228.9
158.035001	228.9
158.1	229.6
158.1	227.4
158.1921147	228.9
158.2	228.9
158.2505162	228.9
158.3	228.9
158.3	228.9
158.3759242	228.9
158.4	228.9
158.4340009	228.9
158.5	228.9
158.5025705	229.6
158.6	228.9934622
158.6	229.2853335
158.623121	229.6
158.7	229.6
158.7284522	230.4
158.8	229.6
158.8	229.6
158.877812	229.6
158.9	229.6
158.9	229.6
159	229.6
159.0429347	229.6
159.1	229.6
159.1	229.6
159.1701789	229.6
159.2	229.6
159.2	229.6
159.3	229.6
159.4	230.4
159.4289906	229.6
159.5	229.6
159.539512	230.4
159.6	230.4
159.6	230.4
159.6974134	230.4
159.7	230.1630823
159.7	229.6
159.7187891	229.6
159.8	230.1612909
159.8	230.4
159.8128927	229.6
159.9	230.3372773
159.9655572	229.6
160	229.6
160.0973079	229.745614
160.1	230.4
160.1378221	230.4
160.2	230.4
160.2	230.8720107
160.2	231.2
160.2649851	231.2
160.3	231.2
160.3550105	231.2
160.4	231.2
160.4	230.4
160.4	231.2
160.4285891	231.2
160.5	231.2
160.5639375	231.2
160.6	231.2
160.6657281	231.2
160.7	231.2
160.7	231.2
160.7552835	231.9
160.8	231.9
160.8865207	231.9
160.9	231.9
160.9	232.7
160.9179229	230.4
161	230.4
161.033982	231.2
161.1	231.9
161.1	231.9
161.144554	232.7
161.2	231.9
161.2807223	232.7
161.3	232.7
161.3	232.4743267
161.3343619	232.7
161.4	231.9
161.4659902	233.5
161.5	233.5
161.5602438	231.9
161.6	231.9
161.670691	232.7
161.7	232.7
161.7285769	232.7
161.8	233.3920206
161.8286417	233.5
161.9	233.5
161.9	234.2
161.9811656	232.7
162	233.5
162.0128698	233.5
162.1	233.5
162.1655553	233.5
162.2	233.5
162.2921469	233.5
162.3	233.5
162.3130163	233.5
162.4	233.5
162.4	233.5
162.4027738	234.2
162.5	234.2
162.5810396	234.2
162.6	234.2
162.670935	234.2
162.7	235
162.7553639	234.2
162.8	234.2
162.8867341	234.2
162.9	234.2
162.9226002	234.2
163	234.8046384
163.0609468	234.2
163.1	235.7
163.1	234.2
163.2	235
163.2	235
163.2	235.0911172
163.2396018	235.7
163.3	235
163.3	235
163.3811375	234.2
163.4	234.4968916
163.4078117	235.7
163.5	235.7
163.5234638	235
163.6	235.6461176
163.6	235.7
163.6914024	235.7
163.7	235.7
163.7	235
163.7921829	234.8552303
163.8	234.4706869
163.8394883	235.7
163.9	235.7
163.9185721	235.7
164	236.4376719
164.0393648	235.7
164.1	235.7
164.197618	237.3
164.2	236.5
164.2	236.5
164.2337993	237.3
164.3	235.8248335
164.3	236.5
164.4	236.8953067
164.4	237.1555484
164.4287941	236.5
164.5	236.5
164.5922505	236.5
164.6	236.5
164.6077995	236.5
164.7	236.5
164.7	236.5
164.7553503	236.5
164.8	237.3
164.8	236.5
164.8604873	236.5
164.9	237.2785987
164.907612	237.3
165	237.3
165.0077523	236.5
165.1	236.5
165.1	236.5
165.1	237.3
165.1074281	237.3
165.2	237.3
165.2080876	237.3
165.3	237.3
165.3605527	239.6
165.4	239.6
165.412988	236.5
165.5	237.4960302
165.5445647	236.5
165.6	238.8
165.6	238.8
165.6389185	237.3
165.7	237.3
165.7	237.3
165.77608	238
165.8	237.3
165.8	237.3
165.8181014	236.5
165.9	236.5
165.9811526	237.3
166	239.6
166.023368	238
166.1	238
166.1395956	239.6
166.2	239.6
166.2	238.8
166.234832	238.8
166.3	238.8
166.3342709	238
166.4	238
166.4498955	238
166.5	238
166.5657827	239.6
166.6	240.3
166.6	239.073325
166.7	238.8
166.7	239.6
166.744953	239.6
166.8	239.6
166.8505468	240.3
166.9	238.1931583
166.9	239.6
166.9234657	239.6
167	239.6
167.1	240.3
167.1	239.6
167.1	238.7398409
167.1	238
167.1708598	241.1
167.2	240.3
167.2479852	238.8
167.3	240.3
167.3814187	239.6
167.4	241.1
167.4129928	239.6
167.5	239.6
167.5499516	241.9
167.6	241.9
167.6	240.3
167.6077754	239.6
167.7	239.6
167.7	241.9
167.707707	240.3
167.8	240.3
167.8284699	240.3
167.9	240.3
167.9130144	240.3
168	240.3
168.0454584	241.1
168.1	241.1
168.1180213	239.6
168.2	240.8964427
168.2288083	241.9