Desplaz. [mm]	Fuerza [N]
0	0
0.000144861	0.7629
0.0001678	0.7629
0.01402	0.7629
0.03533	0.7629
0.03533	0.7629
0.04621097	0.7629
0.07419	0.7629
0.1099	0.7629
0.1099	1.301305035
0.148092947	1.526
0.163169483	1.526
0.1856	1.526
0.203527532	1.526
0.2311	1.526
0.269744655	1.526
0.2712	1.526
0.288971634	1.526
0.312	1.526
0.312	2.289
0.3552	2.289
0.368500873	2.289
0.3954	2.289
0.405536579	1.526
0.4394	1.627350301
0.448736546	2.289
0.4923	2.289
0.521	2.289
0.530068511	2.289
0.5596	2.289
0.5938	2.289
0.605342321	3.052
0.6437	3.052
0.675922783	3.052
0.696269284	3.052
0.7165	3.052
0.7165	3.052
0.76152439	3.052
0.775775974	3.815
0.8022	3.815
0.8022	3.815
0.861	3.815
0.879	3.815
0.907940486	3.815
0.9206	4.578
0.9623	4.578
0.9623	4.578
1.010399392	4.578
1.036874221	4.578
1.051867815	4.578
1.084	4.578
1.104952378	4.578
1.126	4.578
1.166	4.578
1.166	4.578
1.210282984	5.341
1.247	5.341
1.250248433	5.341
1.289	5.341
1.337523689	4.578
1.35690474	5.341
1.376	5.341
1.415	5.341
1.432130656	5.341
1.453	5.341
1.453	5.960405569
1.492	6.104
1.497300575	5.341
1.533	5.341
1.533	5.341
1.587	5.341
1.619	5.341
1.640596066	5.341
1.662	5.341
1.703	5.341
1.746262244	6.104
1.753	6.104
1.799	6.104
1.819	6.104
1.826465103	6.104
1.861	6.104
1.866275238	6.866
1.902	6.688869161
1.90851283	6.104
1.951	6.104
1.983	6.104
2.024	6.866
2.058574931	6.866
2.064	6.866
2.091327066	6.866
2.109	6.866
2.109	7.368115682
2.136038241	7.629
2.177531849	7.629
2.186	7.629
2.228	7.629
2.228	7.629
2.234390083	7.629
2.278	7.972338101
2.306346736	8.392
2.33040283	7.629
2.351	7.629
2.351	7.92780788
2.369324253	8.392
2.399	8.392
2.438651756	8.392
2.453054386	8.392
2.479	8.392
2.529	9.155
2.550110104	9.155
2.555	8.392
2.596	8.392
2.607707836	9.155
2.637	9.155
2.637	9.155
2.682112785	8.392
2.715448683	9.155
2.725991525	9.155
2.764	9.155
2.790127903	9.155
2.804	9.155
2.804	9.5727284
2.841729696	9.918
2.848	9.918
2.895	9.918
2.921899273	9.918
2.936799996	9.918
2.963	9.918
2.983325879	9.918
3.004	9.918
3.004	9.918
3.031507335	10.68
3.082107403	10.68
3.09	9.945668965
3.134	9.918
3.153702518	10.68
3.167	10.68
3.199622019	11.44
3.217	10.79146946
3.253608396	10.68
3.288260657	10.68
3.29	11.44
3.332	11.44
3.372	11.44
3.415694401	11.44
3.417	11.44
3.459	11.44
3.472909883	11.44
3.495	11.44
3.535	11.44
3.559754906	12.21
3.58	12.21
3.612321854	12.21
3.626	11.44
3.662	11.44
3.665304032	12.21
3.704	12.21
3.730740689	12.21
3.74	12.21
3.750696415	12.21
3.826855264	12.21
3.827	12.7353273
3.832132378	12.97
3.897599729	12.97
3.912	12.97
3.948	12.97
3.948	12.97
3.998	12.97
4.019240441	12.97
4.026	12.97
4.071	12.97
4.08315893	12.97
4.107	12.97
4.153543329	12.97
4.155	12.97
4.19889244	12.97
4.218633907	12.97
4.234	12.97
4.237765386	13.73
4.283	13.73
4.3107507	13.73
4.317	13.73
4.358	13.73
4.392982365	13.73
4.399	13.73
4.438	13.90902588
4.454516258	14.5
4.475	14.5
4.502103301	13.73
4.52	13.73
4.52	14.5
4.560169279	14.5
4.580166736	14.5
4.604	14.5
4.639	14.5
4.672315482	14.5
4.683	14.5
4.724	14.5
4.724	14.5
4.728571816	15.26
4.790638634	15.26
4.801	15.26
4.841558049	15.26
4.846	15.26
4.883	15.26
4.931309127	15.26
4.953328423	15.26
4.965	15.26
5.004793745	15.26
5.006	15.26
5.032757949	15.26
5.054	15.91546773
5.095	16.02
5.095	16.02
5.120555652	16.02
5.166651905	16.02
5.168	16.02
5.211	16.02
5.211	16.08031516
5.217641446	16.78
5.263	16.78
5.296798699	16.78
5.3	16.78
5.3	16.78
5.347240769	16.53100135
5.372	16.02
5.381525169	16.02
5.414	16.48017314
5.447274373	16.78
5.456	16.78
5.456	16.78
5.456	16.95781573
5.508127992	17.55
5.540183238	17.55
5.559957413	16.78
5.577	17.48966114
5.619	17.55
5.646765346	17.55
5.677366662	17.55
5.705	17.55
5.738912583	17.55
5.742	17.55
5.774809934	17.55
5.796	17.55
5.83	17.55
5.910662206	18.31
5.911	18.31
5.955610616	18.31
5.973101777	19.07
5.986	19.07
6.028	19.07
6.028	19.07
6.028	18.93301993
6.029733358	18.31
6.09060357	18.31
6.114	18.31
6.15	18.31
6.197	19.07
6.197	19.07
6.24	19.07
6.24	19.07
6.24	19.07
6.276450891	19.07
6.315597529	19.07
6.335569179	19.07
6.355	19.07
6.4	19.07
6.404913672	19.84
6.474352244	19.84
6.476	19.84
6.522	19.84
6.555783755	19.84
6.559	19.84
6.559	19.84
6.579086888	19.84
6.619	19.84
6.657	19.84
6.681	19.84
6.692360644	20.6
6.73	20.6
6.769694911	20.6
6.776274074	20.6
6.812	20.6
6.844	20.6
6.844	20.73404531
6.862203932	21.36
6.89	20.6
6.93	20.6
6.96883485	21.36
6.975	21.36
6.993037924	21.36
7.043500413	21.36
7.047	21.36
7.094	21.36
7.102343405	21.36
7.13	21.36
7.13	21.36
7.13494304	21.36
7.194442565	21.36
7.212	21.36
7.237498786	21.36
7.258	21.36
7.293	21.36
7.293	21.36
7.293	21.36
7.342	21.36
7.373839983	21.36
7.379	22.13
7.417	22.13
7.417	22.13
7.442844145	22.13
7.465	22.13
7.504	22.13
7.504	22.13
7.518607278	22.13
7.555	22.13
7.6	22.13
7.6228336	22.89
7.624	22.8305425
7.650385594	22.13
7.662	22.13
7.662	22.7738845
7.712435844	22.89
7.714	22.89
7.76	22.89
7.783	22.89
7.784165756	22.89
7.829	22.89
7.829	22.89
7.862232317	22.89
7.873	22.89
7.913	22.89
7.913	22.89
7.961407065	22.89
7.987	22.89
7.98818525	22.89
8.033	22.89
8.033	24.41
8.077	24.13644371
8.101962456	22.89
8.115	24.41
8.155	24.41
8.155	24.41
8.164043648	24.41
8.205	24.41
8.239	24.41
8.261492724	24.41
8.28	24.41
8.310391508	24.41
8.32	24.41
8.359	24.71377378
8.385227871	25.18
8.397	25.18
8.410638057	25.18
8.438	25.18
8.4699755	25.18
8.487	25.18
8.526	25.18
8.56	25.18
8.56	25.18
8.604	25.18
8.618958134	25.18
8.656	25.18
8.699	25.18
8.723	25.18
8.723	25.18
8.770606207	25.94
8.78311989	25.94
8.811	25.94
8.853	25.94
8.875161002	25.94
8.89	25.94
8.894994135	25.94
8.928	25.94
8.968	25.94
8.968	26.7
9.015	26.7
9.015	26.7
9.060868223	26.7
9.0852374	26.7
9.09	26.7
9.132	26.7
9.132	26.7
9.163439641	26.7
9.18	26.7
9.21945163	26.7
9.227	26.7
9.262487174	27.47
9.29209571	27.47
9.295	27.47
9.336	27.47
9.349805966	27.47
9.384	27.47
9.423646739	28.23
9.455538084	27.47
9.457	27.47
9.503	27.47
9.517235007	27.47
9.54	27.47
9.54	27.47
9.587319383	27.47
9.595	28.05111771
9.641288749	28.23
9.655543997	28.23
9.675701993	28.23
9.703	28.23
9.703	28.23
9.711522351	28.23
9.75	28.23
9.751296072	28.99
9.801	28.44992872
9.827	28.36479154
9.839234591	28.99
9.868	28.99
9.879453604	28.23
9.908	28.23
9.944580671	28.23
9.953	28.23
9.972412802	28.99
10.01385464	28.99
10.04	28.99
10.07	28.99
10.07539608	28.99
10.11	28.99
10.17	29.75
10.17	29.75
10.21320218	29.57523283
10.23	28.99
10.23652674	29.75
10.28	29.75
10.30432544	29.75
10.32	29.75
10.35039218	29.75
10.37	29.75
10.41	29.75
10.44	29.75
10.45547234	29.75
10.48	29.75
10.51549261	29.75
10.53	29.75
10.54162944	29.75
10.56	30.28556976
10.59453137	30.52
10.6	30.52
10.6010157	30.52
10.64	30.52
10.67241094	30.52
10.68	30.52
10.73810671	30.52
10.75165371	30.52
10.77	31.21555818
10.81	31.28
10.81	31.28
10.81	31.28
10.85	31.45505384
10.85639451	32.04
10.9	32.04
10.9	32.04
10.9	31.54121383
10.9228583	31.28
10.97004016	31.28
10.98	31.28
11.01	31.28
11.02389988	31.28
11.06	31.93403034
11.09	32.04
11.11198169	32.04
11.14	31.28
11.17	31.28
11.17	32.04
11.22	32.04
11.23785988	32.04
11.26	32.04
11.27737058	32.04
11.33205733	32.04
11.34	32.58489174
11.37655423	32.81
11.38	32.04
11.43	32.04
11.43	32.81
11.48	32.81
11.51	32.81
11.51878845	32.81
11.54	32.81
11.57441114	32.81
11.58	32.81
11.62	32.81
11.66311797	32.81
11.68164116	32.81
11.7	32.81
11.73046603	32.81
11.75	32.81
11.79	32.81
11.79	32.81
11.82284732	33.57
11.84	32.99253072
11.88808221	32.82949992
11.912838	33.57
11.92	33.57
11.92	33.57
11.96	33.57
11.96516623	33.57
12	33.57
12.02533487	33.57
12.05050127	33.57
12.07	33.57
12.07	34.26618377
12.11	34.33
12.11	34.23320003
12.11381941	33.57
12.16	33.9765346
12.19660558	34.33
12.2	34.33
12.2	34.33
12.25827077	34.33
12.28	34.33
12.28100149	34.33
12.32	34.33
12.32	34.33
12.34239413	34.33
12.37	34.33
12.40657611	34.33
12.42302344	35.1
12.44	35.1
12.45944494	35.1
12.49	35.1
12.53	35.1
12.5371462	35.1
12.56	35.1
12.56	34.35379698
12.6	34.33
12.62519823	35.86
12.65	35.86
12.69	35.86
12.71586669	35.86
12.73	35.86
12.7347343	35.86
12.79677189	35.86
12.81	35.86
12.84870378	35.86
12.85	35.86
12.9	35.86
12.91147371	35.86
12.93	35.86
12.93	35.86
12.98	35.86
12.9964642	35.86
13.05	35.86
13.09243927	35.86
13.11	35.86
13.15	35.86
13.15896172	37.38
13.20686674	37.38
13.22	37.38
13.26	37.38
13.26	37.38
13.26526211	37.38
13.3	37.38
13.3	37.38
13.3582379	37.38
13.38	37.38
13.38	37.38
13.42	37.38
13.44417277	37.38
13.46	37.38
13.52	37.38
13.55807967	37.44107421
13.59	38.15
13.6079511	37.38
13.62	38.0428062
13.67	38.15
13.67	38.15
13.69698031	38.15
13.7300602	38.15
13.75	38.67581444
13.78656573	38.91
13.79	38.91
13.81796557	38.91
13.84079077	38.15
13.87	38.36774156
13.8944481	38.91
13.92	39.67
13.95	39.67
13.95104746	38.91
13.99	38.91
13.99	38.91
14.02986783	38.91
14.04	39.67
14.08	39.67
14.10575271	39.67
14.12	39.67
14.12	39.67
14.16846809	39.67
14.17	39.67
14.19742024	39.67
14.24	39.67
14.26252689	39.67
14.29	39.67
14.33	39.67
14.34943293	39.67
14.37	39.67
14.4	39.67
14.4	39.67
14.45172044	39.67
14.4741517	39.67
14.48	39.67
14.52856888	39.67
14.53239571	40.44
14.56	40.44
14.56	40.44
14.58953795	40.44
14.61	40.44
14.66	40.41974396
14.68276523	39.67
14.69	39.67
14.69	40.44
14.74	40.44
14.75552499	40.44
14.78	40.44
14.82	40.44
14.82	40.44
14.86	40.73320988
14.88910681	41.2
14.89	41.2
14.93	41.2
14.94686567	40.44
14.98	40.44
14.99784846	41.2
15.02	40.44
15.06	40.44
15.1	40.44
15.1	40.44
15.13639302	41.2
15.14105224	40.44
15.18	40.44
15.18	41.2
15.23	41.2
15.27	41.2
15.28768416	41.96
15.3	41.96
15.3	41.96
15.34850778	41.96
15.35280761	41.2
15.39	41.2
15.45	41.96
15.46938503	41.96
15.47	41.96
15.48944952	41.96
15.51	41.96
15.55	42.06689223
15.57363616	42.72
15.59	42.50262482
15.62601957	41.96
15.63	41.96
15.64762762	41.96
15.67	41.96
15.69517674	41.96
15.72	41.96
15.76	41.96
15.76668676	42.72
15.82513633	42.72
15.83	41.98239934
15.87	42.02078229
15.88315839	42.72
15.91	42.72
15.92148736	42.72
15.96	42.72
15.99	42.72
16.028002	42.72
16.04	42.72
16.08	42.72
16.12841479	43.49
16.13	43.49
16.18	43.49
16.20590443	43.49
16.21	43.49
16.21319354	42.72
16.25	43.18537865
16.29	43.49
16.29	43.49
16.32217605	43.49
16.35623708	43.49
16.36	44.25
16.4	44.25
16.42679862	44.25
16.46	44.25
16.49	44.25
16.49	44.25
16.50422878	44.25
16.56381299	44.25
16.57	44.25
16.61	44.25
16.63373013	44.25
16.65	44.25
16.65	44.25
16.69558439	44.25
16.7	44.25
16.72003725	44.25
16.77	44.25
16.78121619	44.25
16.81	44.25
16.85	44.25
16.85	44.25
16.89843052	44.25
16.9	44.25
16.9	45.01
16.95	45.01
16.97	45.01
17.01050761	45.01
17.02	45.01
17.05919385	45.01
17.09507683	45.01
17.1052042	45.01
17.14	45.01
17.17657164	45.01
17.18	45.01
17.1812975	45.01
17.23	45.31240499
17.25708201	45.78
17.29519327	45.01
17.3	45.78
17.34	45.78
17.3856444	45.78
17.39	45.78
17.43	45.78
17.47573219	45.78
17.50617473	45.78
17.51714308	45.78
17.55	45.78
17.56554454	45.78
17.59	45.78
17.64	45.78
17.64111276	45.78
17.68	45.78
17.71	45.78
17.75577082	45.78
17.77860915	46.54
17.8	46.54
17.81685583	46.54
17.86457984	46.54
17.87	46.54
17.92	46.64045148
17.94834986	47.3
17.96	47.3
17.96	46.54
18	46.87864516
18.03656869	47.3
18.05155247	47.3
18.08	47.3
18.08	46.68233555
18.12	46.54
18.16	47.3
18.16	46.54
18.22	46.54
18.25	46.54
18.26767973	46.54
18.28	46.54
18.28432246	47.3
18.33	47.3
18.35578981	47.3
18.37	47.3
18.41577524	47.3
18.43352391	46.54
18.45	46.54
18.49	46.54
18.49736686	47.3
18.53	47.3
18.57854962	47.3
18.59816985	47.3
18.61	47.3
18.65	47.3
18.65	47.3
18.69577157	47.3
18.70926895	48.07
18.74	47.68673458
18.77611308	47.3
18.78547055	48.07
18.81	48.07
18.81645154	48.07
18.86	48.07
18.87129878	48.07
18.9	48.07
18.94	48.07
18.94925675	48.07
18.98	48.60718143
19.02	48.83
19.02	48.83
19.02718492	48.07
19.06	48.07
19.06653554	48.83
19.11	48.83
19.1503997	48.83
19.17131462	48.83
19.19	48.83
19.19	48.83
19.22206158	48.83
19.23108973	48.07
19.27	48.07
19.27130431	48.83
19.32	48.83
19.35	48.83
19.36783729	48.83
19.39	48.83
19.42882998	48.83
19.43714878	49.59
19.47	49.59
19.47134189	49.59
19.52	49.59
19.55	49.59
19.56531153	49.59
19.59	49.59
19.59	49.59
19.63841589	49.59
19.64109187	49.59
19.68	49.59
19.68	49.59
19.72	49.59
19.73114983	49.59
19.76	50.24650715
19.79	50.35
19.83	50.35
19.83	50.35
19.86956556	50.35
19.89	50.35
19.92	50.35
19.96	50.35
19.9715507	51.12
20	51.12
20.04	51.12
20.05113883	50.35
20.08	50.35
20.10607364	51.12
20.12	51.12
20.16	51.12
20.1676785	51.12
20.22	51.12
20.25004034	51.12
20.27176447	51.12
20.29	51.12
20.33	51.12
20.33105839	50.35
20.37	50.77862347
20.4020027	51.12
20.41	51.12
20.43680634	51.12
20.48617483	51.88
20.49513408	51.12
20.53	51.77318873
20.57	51.88
20.59500055	52.64
20.6223207	51.88
20.65	51.88
20.65	51.88
20.67432746	51.88
20.7	52.34056341
20.73460542	52.64
20.74	51.88
20.77	51.88
20.77	52.33157543
20.79486651	52.64
20.82	51.94260896
20.86	51.88
20.88211217	52.64
20.9	52.64
20.94	52.64
20.97292286	52.64
20.99	52.64
21.02	52.64
21.03327972	52.64
21.06	52.64
21.07552677	53.41
21.1	53.41
21.11675745	53.41
21.15	53.41
21.17261702	53.41
21.20076605	53.41
21.23	53.41
21.23	53.41
21.2584222	53.41
21.27	53.41
21.31	53.41
21.31	53.41
21.34803479	53.41
21.36	53.41
21.41	53.41
21.42817397	53.41
21.44357385	54.17
21.47	54.17
21.50025061	54.17
21.51	54.17
21.55	54.17
21.59261535	54.17
21.62722264	54.17
21.63	54.17
21.67	54.17
21.67	54.17
21.6813067	54.17
21.73	54.17
21.75402662	54.17
21.77873548	54.93
21.79	54.93
21.79	54.46157408
21.82210486	54.17
21.84	54.17
21.88	54.17
21.89436121	54.17
21.93	54.17
21.96	54.17
21.96392637	54.17
22.01	54.17
22.03280719	54.17
22.04	54.17
22.04	54.17
22.04204568	54.93
22.13	54.93
22.13	54.93
22.19	54.94939504
22.19	55.69
22.24	55.69
22.26	55.11274154
22.29	54.93
22.34187511	55.69
22.37	55.69
22.3832353	55.69
22.41	55.69
22.440508	55.69
22.45	55.69
22.47040451	55.69
22.51	55.69
22.54	55.69
22.54	55.69
22.57065205	56.46
22.62	56.46
22.66	56.46
22.67560396	56.46
22.7	56.46
22.716919	55.69
22.75	55.69
22.78	55.75110005
22.78714463	56.46
22.82	56.46
22.82	56.46
22.86855239	56.46
22.8962525	56.46
22.9	56.46
22.94	56.46
22.95946282	55.69
22.99	56.31336711
23.02872622	56.46
23.03	55.69
23.08	55.78503081
23.10589738	56.46
23.11	56.46
23.14035761	56.46
23.15	56.46
23.18	56.46
23.1972597	56.46
23.24	56.46
23.24	56.46
23.28885979	56.46
23.30968333	56.46
23.32568237	56.46
23.35	56.46
23.37783329	56.46
23.39	56.46
23.39	56.46
23.39470001	56.46
23.45	56.46
23.47	56.5596745
23.4760183	57.22
23.52	57.22
23.55	57.22
23.55	57.22
23.56953163	57.22
23.6	56.76627577
23.63875028	56.46
23.64075196	57.22
23.67	57.22
23.67	57.22
23.70444142	57.22
23.72	57.22
23.76	57.22
23.76	57.22
23.7928766	57.22
23.81539786	57.22
23.84	57.22
23.88	57.22
23.92	57.98
23.96588118	57.22
23.97	57.22
23.97	57.98
24.02	57.98
24.05	57.98
24.06139659	57.98
24.08	57.98
24.08	57.98
24.12	57.98
24.16858395	57.98
24.17	57.98
24.18708151	57.98
24.23779953	58.75
24.25	58.20880939
24.29	57.98
24.31473256	58.75
24.34	58.75
24.37275952	58.75
24.39993454	58.75
24.41	58.75
24.41	58.75
24.44000154	58.75
24.46	58.75
24.5	58.75
24.54855828	58.75
24.55	58.75
24.59	58.75
24.61	58.8852309
24.62682308	59.51
24.66	58.9706158
24.7	58.75
24.7	59.51
24.75	59.51
24.78	59.51
24.79949117	59.51
24.82	59.51
24.82955305	59.51
24.86	59.51
24.88739495	59.51
24.91	59.51
24.91	60.27
24.96	60.27
24.98125872	60.27
24.99542189	60.27
25.02	60.27
25.03154653	60.27
25.07	60.27
25.07	60.27
25.08970935	60.27
25.12	59.61383508
25.15	59.51
25.17242565	59.51
25.19	59.51
25.19	59.51
25.23559855	59.51
25.24686929	59.51
25.27	59.51
25.30257277	59.51
25.31101781	60.27
25.35	60.27
25.35	60.73526101
25.37141777	61.04
25.39	61.04
25.41746027	60.27
25.4408086	60.27
25.47	60.27
25.4916009	60.27
25.51	60.27
25.51	60.27
25.55849955	60.27
25.56665624	61.04
25.59	61.04
25.63246071	61.04
25.65	60.41798496
25.69	60.3296283
25.71079498	61.04
25.72	61.04
25.73987015	60.27
25.76	60.93387864
25.8	61.04
25.81698283	61.04
25.85076451	61.04
25.88	61.04
25.90216122	61.04
25.92	61.04
25.92	61.04
25.95803388	61.04
25.9731667	61.04
26.01	61.04
26.05859021	61.04
26.07513514	61.04
26.08	61.04
26.13	61.04
26.13	61.04
26.18	61.04
26.18312037	61.8
26.22	61.8
26.22	61.8
26.23804049	61.8
26.27459102	61.8
26.29	61.14389271
26.32883199	61.04
26.33	61.04
26.34523818	61.04
26.37	61.04
26.39354959	62.56
26.43564328	61.8
26.45	61.8
26.49	61.8
26.49	62.56
26.54	62.56
26.58281492	61.8
26.59	62.53720545
26.63	62.56
26.6496994	62.56
26.66	62.56
26.69245814	61.8
26.7	61.8
26.74	61.8
26.74	61.97633783
26.75643513	62.56
26.79	62.02194325
26.83	61.8967536
26.84197992	62.56
26.86	62.56
26.89255966	62.56
26.9	62.56
26.9	62.56
26.94852983	62.56
26.95	62.56
26.98640946	63.32
27.02608021	62.56
27.03385485	62.56
27.06	62.93118226
27.09295734	63.32
27.11	63.32
27.1557407	63.32
27.16101958	63.32
27.2	63.32
27.23	63.32
27.2379651	63.32
27.27	63.32
27.27	63.70898065
27.30239662	64.09
27.31	64.09
27.31	64.09
27.36	64.09
27.36514268	63.32
27.4	63.85421312
27.44	64.09
27.44	64.09
27.48	64.09
27.4850643	64.09
27.52	64.09
27.55450751	64.09
27.56	63.32
27.6	63.32
27.6052285	64.09
27.64	64.09
27.64132884	64.09
27.69	64.09
27.69	64.09
27.71018039	64.09
27.74309607	64.09
27.76	64.09
27.8	64.09
27.84	64.09
27.84	64.09
27.87511538	64.09
27.89	64.09
27.90938455	64.09
27.95305441	64.09
27.96	64.77467569
28	64.85
28.02491441	64.85
28.05	64.85
28.08886599	64.85
28.10803557	64.85
28.13	64.85
28.13	64.85
28.17249055	64.85
28.18389478	64.85
28.21	64.85
28.25	64.85
28.26429028	65.61
28.3	65.61
28.33	65.61
28.37065909	65.61
28.38926424	65.61
28.42	65.61
28.46317321	65.61
28.48326188	65.61
28.5	65.61
28.54	65.61
28.56622714	65.61
28.58	65.61
28.62	65.61
28.62	65.61
28.64332445	65.61
28.6994197	65.61
28.7	66.38
28.74	66.1285108
28.76023507	65.61
28.78	65.61
28.78	66.38
28.83	66.38
28.86517094	66.38
28.89660934	65.61
28.91	65.61
28.93026309	66.38
28.95	66.38
28.99	66.38
29.05	66.38
29.07	66.38
29.07	66.38
29.11	66.38
29.14881523	66.38
29.15	66.38
29.17826387	66.38
29.19	67.000061
29.24	67.14
29.2532982	67.14
29.27	67.14
29.27	66.48404147
29.32	66.38
29.33743519	67.14
29.36	66.4823023
29.4	66.38
29.41138269	67.14
29.44	67.14
29.47	67.14
29.4951009	66.38
29.52	66.38
29.56	66.38
29.57391369	66.38
29.62362351	66.38
29.64	66.38
29.67654185	66.38
29.68	67.14
29.72	67.14
29.72	67.14
29.76560645	67.14
29.77308626	67.14
29.81	67.14
29.81719907	67.14
29.85	67.14
29.8840695	67.14
29.89923428	67.9
29.93	67.9
29.97019578	67.14
29.99807139	67.14
30.01	67.14
30.05	67.14
30.06353128	67.9
30.09	67.32642637
30.14	67.14
30.14	67.14
30.14	67.9
30.19	67.9
30.22	67.9
30.23333655	67.9
30.25	67.9
30.26994895	67.9
30.3	67.9
30.33	67.9
30.36791711	67.9
30.3886398	67.9
30.41	67.9
30.41	67.9
30.46	67.9
30.46651163	68.66
30.51	68.66
30.53384114	68.66
30.55313389	68.66
30.59	68.66
30.62	68.66
30.63986967	67.9
30.66	67.9
30.71447476	68.66
30.7382348	68.66
30.74	68.66
30.78	68.66
30.81939625	68.66
30.84	68.66
30.87039966	69.43
30.89159809	69.43
30.91	69.43
30.91	68.66
30.95038118	68.66
30.99	68.66
31.03856148	68.66
31.04102075	69.43
31.08	69.21151402
31.10992036	68.66
31.14716368	69.43
31.15	69.43
31.16671107	69.43
31.2	69.43
31.2197913	69.43
31.24	69.43
31.28	69.43
31.28	69.43
31.28	69.43
31.28	69.43
31.34410483	69.43
31.35	69.43
31.36585305	69.43
31.42	69.43
31.45	69.43
31.45720408	69.43
31.49543834	69.43
31.52	69.43
31.55453249	69.43
31.56317316	69.43
31.6	69.43
31.61714681	69.43
31.67185349	69.43
31.68	69.43
31.72	69.43
31.73768048	69.43
31.76	69.43
31.76	69.43
31.76	69.43
31.82	69.8919145
31.84	70.19
31.8512833	70.19
31.89	69.49512886
31.93	69.43
31.93	69.43
31.93	70.19
31.97	70.19
32.00731214	70.19
32.02	70.19
32.05	70.19
32.09	70.19
32.12655804	70.95
32.13	70.95
32.13	70.19
32.18	70.19
32.20340086	70.19
32.25415341	70.19
32.26	70.92614135
32.29	70.95
32.3010897	70.19
32.35	70.32822181
32.36953508	70.95
32.40815391	70.95
32.41	70.95
32.46	70.95
32.46	70.95
32.49882785	70.95
32.50317175	70.95
32.54	70.95
32.54	70.95
32.60801177	70.95
32.63	70.95
32.64967825	70.95
32.66	70.95
32.7	70.95
32.71117369	70.95
32.75	70.95
32.79067601	70.95
32.8	70.95
32.84	71.49395515
32.87	71.72
32.87	71.72
32.88359104	71.72
32.91	71.72
32.96	71.72
32.9812468	71.72
32.99	71.72
33.02656611	71.72
33.03	71.72
33.07	71.72
33.10663522	71.72
33.11	71.72
33.15565654	71.72
33.19	71.72
33.23	71.72
33.27	71.72
33.27	71.72
33.29194942	71.72
33.32	71.72
33.36964814	71.72
33.4	71.72
33.4132233	71.72
33.44	72.14017759
33.4788111	72.48
33.48	72.48
33.48	71.72
33.52	71.72
33.53943163	71.72
33.56	71.72
33.6	71.72
33.62492242	72.48
33.65	72.48
33.69	72.48
33.7107932	72.48
33.72	72.48
33.75464012	72.48
33.76	72.48
33.81	72.48
33.83813608	72.48
33.85	72.48
33.88615508	72.48
33.93	72.48
33.97	72.48
33.9710103	72.48
34.01	72.48
34.03493964	72.48
34.06	72.93919111
34.09715582	73.24
34.12971917	73.24
34.14	73.24
34.16650751	73.24
34.18696091	73.24
34.21	72.70186646
34.25059341	72.48
34.26	72.80833809
34.28623274	73.24
34.3	73.24
34.33282735	73.24
34.35	73.24
34.38	73.24
34.41470311	73.24
34.42	73.24
34.46293857	73.24
34.47703235	73.24
34.5	73.24
34.53886515	73.24
34.54	73.24
34.57804745	73.24
34.59	73.24
34.63	73.24
34.65997147	73.24
34.67529861	73.24
34.7	73.24
34.75	74.77
34.75511142	73.24
34.79	73.24
34.79	74.00366274
34.81638905	74.77
34.86623068	74.77
34.87	73.24
34.91	73.24
34.94187927	73.24
34.95	73.24
34.95128532	74.77
35	74.77
35.03	74.77
35.03	74.77
35.04961003	74.77
35.08	74.77
35.12	74.77
35.14789065	74.77
35.16	74.77
35.16398659	74.77
35.21256556	74.77
35.23	74.77
35.27575075	74.77
35.28	74.77
35.29944735	74.77
35.33	74.77
35.37	74.77
35.38705964	75.53
35.43822478	75.53
35.44	74.77
35.48	74.77
35.50558549	74.77
35.52	74.77
35.55518709	74.77
35.57387018	75.53
35.6	75.53
35.62508955	75.53
35.65	75.53
35.69	75.53
35.69	75.53
35.69664309	75.53
35.74	75.53
35.77608158	75.53
35.7976528	75.53
35.82	75.53
35.82	75.53
35.85855058	75.53
35.8654268	75.53
35.89	75.53
35.92797868	75.53
35.96124402	75.53
35.97	76.29
36.01	76.29
36.04658603	75.53
36.05	75.53
36.07467938	75.53
36.1	76.02865703
36.13256583	76.29
36.16523547	76.29
36.17	75.53
36.21	75.53
36.21	76.26751634
36.26	76.29
36.26	76.29
36.31	76.29
36.33742245	76.29
36.34	76.29
36.34521864	76.29
36.38	76.29
36.40614159	76.29
36.42	76.29
36.43129532	76.29
36.47	76.29
36.49591613	76.29
36.5	76.29
36.52745156	76.29
36.55	76.29
36.59	76.54804454
36.61375818	77.06
36.62	77.06
36.63404985	77.06
36.67	77.06
36.70668118	77.06
36.71328196	77.06
36.75	77.06
36.75318042	77.06
36.79	77.06
36.82033677	77.06
36.83	77.06
36.83	77.06
36.84973579	77.06
36.89690475	77.06
36.91	77.54535134
36.9487869	77.82
36.95	77.82
36.99	77.82
36.99885947	77.82
37.04	77.82
37.04	77.06
37.1	77.31335307
37.12	77.82
37.139122	77.82
37.15	77.82
37.2	77.82
37.20304038	77.06
37.24	77.06
37.24392432	77.82
37.29	77.82
37.32865297	77.82
37.34189907	77.82
37.36	77.82
37.36332162	77.82
37.4	77.82
37.42467142	77.82
37.45	77.82
37.48	77.82
37.48	77.82
37.49315964	77.82
37.52	77.82
37.52646269	78.58
37.57	78.58
37.59010105	78.58
37.61	78.58
37.65	78.58
37.66961323	78.58
37.69	78.58
37.70584655	78.58
37.73	78.58
37.73919075	78.58
37.78	78.58
37.79180324	78.58
37.83	78.58
37.86	78.58
37.86	78.58
37.88385304	78.58
37.89	78.58
37.94	78.58
37.94	78.58
37.98	78.58
38.02317021	78.58
38.046514	78.58
38.06	78.58
38.0735409	78.58
38.1	78.58
38.14	78.58
38.15935743	78.58
38.19	78.58
38.22	78.58
38.23592516	78.58
38.26	78.58
38.31	79.35
38.31723686	79.35
38.35	79.35
38.35	79.35
38.35629515	79.35
38.40785261	79.35
38.42	79.35
38.45233618	79.35
38.46	79.35
38.47394824	79.35
38.52	79.35
38.55411276	79.35
38.56692168	80.11
38.59	80.11
38.61024849	80.11
38.63	79.58071459
38.6688251	79.35
38.67524572	79.35
38.71	79.35
38.73045479	79.35
38.77670359	79.35
38.79	79.35
38.83	79.35
38.87	79.35
38.87	79.56370463
38.88689573	80.11
38.92	79.53016304
38.96	79.35
38.97473111	79.35
38.99	79.35
38.99	80.0872615
39.03	80.11
39.0411582	80.11
39.08	80.11
39.08	80.11
39.09657846	80.11
39.13228762	80.11
39.16	80.11
39.1883495	80.11
39.2	80.11
39.25	80.11
39.26323296	80.11
39.28	80.11
39.28468868	80.11
39.34	80.11
39.36613515	80.11
39.39641977	80.11
39.41554828	80.87
39.44	80.87
39.47033118	80.87
39.48	80.87
39.52	80.87
39.52	80.87
39.5626616	80.87
39.57	80.11
39.61	80.11
39.61	80.11
39.62113158	80.87
39.68094608	81.63
39.69	80.93518431
39.72244599	80.87
39.73	81.63
39.78	81.63
39.80004916	81.63
39.81	81.63
39.8297273	81.63
39.86	81.63
39.9	81.63
39.93663289	81.63
39.95164291	81.63
39.97	81.63
39.99218504	81.63
40.02	81.63
40.07825056	81.63
40.1	81.63
40.11320438	81.63
40.14	81.63
40.1765485	81.63
40.18	81.63
40.18	81.63
40.22238016	81.63
40.23	81.63
40.27	82.04890548
40.3	82.4
40.3	82.4
40.34	82.4
40.34945514	82.4
40.38	82.4
40.38643542	82.4
40.43	82.4
40.43	82.4
40.46826124	82.4
40.5	82.4
40.54563202	82.4
40.56	82.4
40.6	82.4
40.62546768	82.4
40.63	82.4
40.63	82.4
40.64715099	82.4
40.68	82.4
40.71	82.4
40.7211266	82.4
40.75	82.4
40.78262268	82.4
40.8	81.63
40.83	81.63
40.83	81.9239348
40.86020921	82.4
40.88	82.4
40.91	82.4
40.94289119	82.4
40.96	82.4
40.96	82.4
40.99746078	82.4
41.02939184	82.4
41.03	82.4
41.08	82.4
41.10212315	82.4
41.12	82.4
41.12	82.4
41.18	82.4
41.2	82.4
41.20731395	82.4
41.24	82.4
41.27044464	82.4
41.28	82.4
41.32	82.4
41.32	82.4
41.37	82.4
41.39434351	82.4
41.4	82.4
41.4	82.4
41.45	82.4
41.46315256	82.4
41.49	82.4
41.53854601	83.16
41.54	83.16
41.59	83.16
41.61	83.16
41.62520806	83.16
41.65	83.16
41.65	82.58720196
41.67838833	82.4
41.69	82.4
41.69	82.4
41.71918007	82.4
41.76824812	83.16
41.77	83.16
41.81	83.0638762
41.82134349	82.4
41.85	82.4
41.89210398	82.4
41.91	82.4
41.95	82.4
41.97	82.4
41.97	82.4
41.98697586	83.16
42.03234473	83.16
42.06	83.16
42.11	83.16
42.1327679	83.16
42.14	83.16
42.14	83.16
42.18	83.16
42.19773409	83.16
42.22	83.16
42.22653678	83.16
42.27	83.16
42.31	83.16
42.3230367	83.16
42.34	83.16
42.36847764	83.16
42.38	83.16
42.38	83.16
42.41473249	83.16
42.44	83.92
42.47	83.92
42.47940082	83.92
42.51	83.92
42.55	83.92
42.5592788	83.92
42.59	83.92
42.61621858	83.92
42.63	83.92
42.65700495	83.92
42.69	83.92
42.72	83.92
42.7475045	83.92
42.75	83.92
42.77525658	83.92
42.8	83.92
42.82829621	83.92
42.8468241	83.92
42.87	83.92
42.88688596	84.69
42.92	84.69
42.96	84.69
42.96	84.69
43	84.69
43.02702188	84.69
43.07306824	83.92
43.08	84.6206781
43.12	84.69
43.15427126	84.69
43.16	84.69
43.21	84.69
43.24322186	84.69
43.27774351	84.69
43.29	84.69
43.32	84.69
43.32646854	84.69
43.37	84.69
43.39422618	84.69
43.42	84.69
43.43923265	84.69
43.45	84.69
43.45	84.69
43.49	84.69
43.52180034	84.69
43.53	84.69
43.54924398	84.69
43.58	84.69
43.6257055	84.69
43.64828528	84.69
43.65	84.82427055
43.65936437	85.45
43.69	84.88426218
43.73	84.69
43.73	84.69
43.75053619	85.45
43.79	84.71260883
43.82	85.03278954
43.84910604	85.45
43.85	85.45
43.85	85.45
43.9	85.45
43.91965566	85.45
43.94	85.45
43.95465951	85.45
43.99	85.45
44.03	85.45
44.06	85.45
44.06	85.45
44.0878398	85.45
44.11	86.0193568
44.15	86.21
44.16434603	85.45
44.2	85.45
44.23	85.45
44.26	85.45
44.26	85.45
44.30038444	85.45
44.31	85.45
44.31	85.45
44.36	85.45
44.38	85.47053108
44.39168314	86.21
44.43	86.21
44.44373977	86.21
44.47	86.21
44.49032724	86.21
44.53	86.21
44.56632594	86.21
44.58728999	86.21
44.59	86.21
44.63	86.21
44.63	86.21
44.67857813	86.98
44.68	86.98
44.73	86.98
44.73990728	86.98
44.76	86.23463595
44.79	86.21
44.79	86.98
44.84	86.98
44.8515226	86.98
44.89	86.98
44.91853781	86.98
44.93	86.98
44.97	86.39203946
45	86.21
45.01546433	86.98
45.04	86.98
45.07877011	86.98
45.0851515	86.98
45.12	86.98
45.12	86.98
45.15878605	86.98
45.16	86.98
45.19548403	86.98
45.21	86.98
45.25	86.98
45.26425074	86.98
45.31099356	86.98
45.32	87.51718197
45.37	87.74
45.37	86.98
45.41	86.98
45.42941295	87.74
45.46612681	87.74
45.49	87.74
45.52449732	87.74
45.53	87.74
45.57	87.74
45.59489147	87.74
45.62	87.74
45.64690237	87.74
45.68968736	86.98
45.69	87.74
45.74	87.74
45.7597446	87.74
45.77	87.74
45.77	87.74
45.83	87.74
45.83102653	87.74
45.8707507	87.74
45.9	87.74
45.9	87.74
45.90127	88.5
45.95	88.09078769
45.98043233	87.74
45.99	87.74
45.99926516	87.74
46.0307515	87.74
46.06	87.74
46.09209776	87.74
46.1	87.74
46.11135089	87.74
46.14	87.74
46.14	87.74
46.2	87.74
46.2	88.5
46.24768739	88.5
46.26	88.5
46.29816527	87.74
46.31	87.74
46.31	87.74
46.36	88.03224296
46.39641673	88.5
46.4	88.5
46.44315949	88.5
46.46001344	87.74
46.48	88.5
46.51	88.5
46.52711884	88.5
46.56	88.5
46.60317896	88.5
46.63	88.5
46.63	88.5
46.68	88.5
46.70385562	88.5
46.71	88.5
46.71	88.5
46.73346958	88.5
46.77	88.5
46.8	88.5
46.83017189	88.5
46.84	88.5
46.87251861	89.26
46.88	89.26
46.92	89.26
46.92	88.80134554
46.95017409	88.5
46.9632106	88.5
47	88.78565817
47.04	89.26
47.06631431	89.26
47.08	89.26
47.12	89.26
47.12	89.26
47.14698906	89.26
47.19706897	89.26
47.2	89.26
47.25	89.26
47.26739962	89.26
47.29	89.26
47.30933047	89.26
47.34391415	89.26
47.37	89.26
47.39019771	89.26
47.41100737	89.26
47.45	89.26
47.46933864	89.26
47.5	89.26
47.54	89.26
47.55022324	89.26
47.57	89.26
47.57	89.26
47.62	89.26
47.62	89.26
47.65992648	90.03
47.71	90.03
47.71134544	90.03
47.76764129	90.03
47.78	90.03
47.82	90.03
47.83535331	90.03
47.86	89.64649435
47.89253005	89.26
47.9	89.26
47.94	89.26
47.96632862	90.03
47.98	90.03
47.98	90.03
48.03	90.03
48.03924963	90.03
48.07	89.45759872
48.11	89.26
48.12622917	89.26
48.14	89.26
48.14	90.03
48.19	90.03
48.20561784	90.03
48.23	90.03
48.27207128	90.03
48.31	90.03
48.31507886	90.03
48.35	90.03
48.38424174	90.03
48.39	90.03
48.39128325	90.03
48.44	90.03
48.45160019	90.03
48.49380348	90.7670241
48.52	90.79
48.52319908	90.03
48.56	90.03
48.59	90.03
48.59401526	90.03
48.64	90.03
48.67661737	90.03
48.68	90.03
48.69384342	90.03
48.72	90.03
48.72727273	90.03
48.76	90.03
48.8	90.03
48.8	90.03
48.84571381	90.03
48.88	90.03
48.88	90.03
48.92	90.03
48.92	90.03
48.96255667	90.03
48.97	90.79
49.01	90.79
49.01926678	90.79
49.05	90.79
49.08	90.79
49.08	90.79
49.09571693	90.79
49.13	90.79
49.16	90.79
49.16	90.79
49.23	90.81019068
49.24207657	91.55
49.25506809	91.55
49.29	91.55
49.29	91.55
49.3036673	91.55
49.33	91.55
49.37572187	91.55
49.38	91.55
49.40016961	91.55
49.42	91.55
49.45	91.55
49.45	91.29997926
49.46178895	90.79
49.5	91.316428
49.53879595	91.55
49.54	91.55
49.54	91.55
49.54	91.55
49.5526778	91.53034749
49.62	90.79
49.62	91.55
49.66136468	91.55
49.69	91.55
49.70387447	91.55
49.75	91.55
49.76323197	91.55
49.79868688	91.55
49.82	91.55
49.85029613	91.55
49.87531076	91.55
49.9	91.55
49.9	91.55
49.91920817	91.55
49.95	91.55
49.99	92.04755444
50.02	92.32
50.02	92.32
50.07	91.55
50.07	91.55
50.11	91.55
50.11	91.55
50.11152457	91.55
50.17646842	91.55
50.18	91.55
50.23	91.55
50.23919219	91.55
50.27	91.55
50.30792082	92.32
50.32	92.32
50.36	92.32
50.38415075	92.32
50.39	92.32
50.41214598	92.32
50.44	92.32
50.47	92.32
50.49026918	92.32
50.54725466	92.32
50.55	93.08
50.6	93.08
50.61630846	93.08
50.63	93.08
50.63	93.08
50.68822856	93.08
50.69	93.08
50.74	93.08
50.76	93.08
50.7755012	93.08
50.8	93.08
50.8	93.08
50.84	93.08
50.84	93.08
50.9	93.08
50.92	93.08
50.9289585	93.08
50.96	93.08
50.96	93.08
50.99963637	93.08
51.02845261	93.08
51.05	93.08
51.06904131	93.08
51.1	93.08
51.13	93.08
51.17	93.08
51.20882729	93.08
51.21	93.08
51.21	93.84
51.26	93.78206907
51.28593782	93.08
51.29	93.08
51.33144598	93.84
51.34	93.84
51.38	93.84
51.41457345	93.84
51.42	93.84
51.47	93.84
51.49	93.84
51.49305097	93.84
51.53	93.84
51.53	93.84
51.57852324	93.84
51.58	93.84
51.58	93.84
51.61932566	93.84
51.65942084	93.84
51.66317112	93.84
51.7	93.84
51.71339776	93.84
51.74	93.84
51.78	93.84
51.80206783	93.84
51.82	93.84
51.82	93.84
51.87	93.84
51.88333712	93.84
51.91	93.84
51.95	93.84
51.96350091	93.84
51.99	93.84
51.99	93.84
52.03	93.84
52.05564738	93.84
52.07	93.84
52.07	93.84
52.11	93.84
52.15	93.84
52.15	93.84
52.1829403	93.84
52.21466524	93.84
52.23	94.57636906
52.27	94.6
52.30289937	94.6
52.32	94.6
52.36	94.6
52.36	94.6
52.36647853	94.6
52.41427544	94.6
52.44	94.6
52.47452843	94.6
52.48	94.6
52.49195449	94.6
52.51	94.6
52.51	94.98793665
52.53599807	95.37
52.58172505	95.37
52.6	95.37
52.63884879	95.37
52.65558779	94.6
52.68	94.6
52.7145878	94.6
52.72513795	95.37
52.76	95.37
52.8	95.37
52.82829695	95.37
52.84	95.37
52.88	95.37
52.88	95.37
52.92572472	95.37
52.93	95.37
52.97	95.37
53	95.37
53.01169193	95.37
53.05	95.37
53.09	95.37
53.14829474	95.37
53.17	95.37
53.17311515	95.37
53.21	95.37
53.25	95.37
53.28551755	95.37
53.3085525	95.37
53.33	95.37
53.37	95.37
53.37	95.37
53.40798237	95.37
53.42307312	95.37
53.46	95.37
53.48672871	95.37
53.5297007	95.37
53.53	95.37
53.58	95.37
53.58901781	95.37
53.63	95.37
53.66883597	95.37
53.67	95.37
53.72	95.37
53.74	95.37
53.76995779	95.37
53.79	95.37
53.82	95.37
53.86257212	96.13
53.88235712	96.13
53.91	96.13
53.94	96.13
53.94	96.13
53.99	96.13
53.9950936	96.13
54.03	96.13
54.03	96.13
54.07	96.13
54.10662119	96.13
54.11	96.13
54.11	96.13
54.16	96.13
54.18566234	96.13
54.2	96.13
54.22777796	96.13
54.25994755	96.89
54.27	96.13
54.31	96.13
54.31	96.13
54.31133247	96.13
54.36	96.13
54.39860685	96.13
54.4	96.13
54.4	96.13
54.45	96.13
54.47	96.13
54.49503837	96.13
54.52	96.13
54.52101206	96.13
54.56	96.13
54.56	96.89
54.6055942	96.89
54.61	96.89
54.66	96.89
54.68	96.89
54.70848325	96.89
54.72	96.89
54.72099822	96.89
54.76	96.89
54.80812009	96.89
54.81	96.89
54.82482748	96.89
54.85	96.89
54.89	96.89
54.91170992	96.89
54.93	96.89
54.93	96.89
54.97254763	97.66
55.00816038	96.89
55.01523537	96.89
55.05	96.89
55.06916717	96.89
55.1	96.89
55.13	96.89
55.13467217	96.89
55.19	96.89
55.22	96.89
55.24437862	96.89
55.25	96.89
55.27506177	96.89
55.3	96.89
55.3	96.89
55.35	96.89
55.35101514	96.89
55.39644864	97.63120653
55.41	97.66
55.45851657	97.66
55.46	97.66
55.4945271	97.66
55.5	97.66
55.54	97.66
55.54	97.66
55.5533447	97.66
55.61984369	97.66
55.63547955	97.66
55.66	97.66
55.68745899	97.66
55.71	97.66
55.74267079	97.66
55.77414599	97.66
55.78	97.66
55.83	97.66
55.85585726	97.66
55.86	97.66
55.9182218	97.66
55.92	97.66
55.96	97.66
55.96	97.66
55.98658102	97.66
56.02	97.66
56.0263343	97.66
56.08	97.66
56.10160605	97.66
56.12098234	97.66
56.16	97.66
56.18427122	97.66
56.21005166	97.66
56.23	97.66
56.23	97.66
56.28157694	97.66
56.29	97.66
56.33	97.66
56.36	97.66
56.38399221	97.66
56.4	97.66
56.44	97.66
56.44	97.66
56.49	97.91311916
56.51744932	98.42
56.52	98.42
56.55549805	98.42
56.5864894	98.42
56.6	98.42
56.6	97.66
56.65823762	97.66
56.66	98.42
56.7	98.42
56.72	98.42
56.7376373	98.42
56.76	98.42
56.76	98.42
56.80298552	98.42
56.81	98.42
56.86	98.42
56.89	98.42
56.90361778	98.42
56.93	98.42
56.97	98.51785154
56.98330237	99.18
57.01	99.18
57.04222318	98.42
57.05	98.42
57.05380163	98.42
57.1	98.83839483
57.14	99.18
57.14709662	99.18
57.18	99.18
57.18378936	98.42
57.23	98.42
57.26	98.42
57.2692289	99.18
57.3	98.42
57.33	98.42
57.33	98.60024174
57.34400378	99.18
57.38	99.18
57.42249894	99.18
57.46	99.18
57.47090277	99.18
57.5	99.18
57.5344827	99.18
57.54	99.18
57.56517965	99.18
57.59	99.18
57.63295374	99.18
57.66	99.18
57.66508204	99.18
57.7	99.18
57.71412139	99.95
57.75	99.95
57.78226442	99.95
57.81628463	99.95
57.82	99.95
57.87	99.95
57.90595428	99.95
57.91	99.95
57.96490261	99.95
57.98826269	99.95
58.00333672	99.95
58.03	99.95
58.07	99.95
58.07652015	99.95
58.12	99.95
58.16	99.95
58.17759479	99.95
58.2	99.95
58.23	99.95
58.23	99.95
58.25967939	99.95
58.27	99.95
58.27148848	99.95
58.32	99.95
58.37482387	99.95
58.4	99.95
58.42001067	100.7
58.44	100.7
58.48	100.7
58.53	100.7
58.59	100.7
58.61	100.7
58.6391292	100.7
58.64	100.7
58.69	100.7
58.69	100.7
58.70409789	100.7
58.74	100.7
58.78	100.7
58.81095263	100.7
58.85	100.7
58.85	100.7
58.92	100.7
58.94263345	100.7
58.97	100.7
58.98136923	101.5
59.01	100.89837
59.0466339	100.7
59.05	100.7
59.05	100.7
59.1	100.7
59.13655557	100.7
59.15818631	100.7
59.17	100.7
59.17	100.7
59.22	100.7
59.22	100.7
59.26	100.7
59.32	100.7
59.3349795	100.7
59.35701447	101.5
59.38	101.5
59.38922111	101.5
59.42	101.5
59.45246283	101.5
59.46	100.7
59.5	100.7
59.52427233	101.5
59.54	101.5
59.56516802	101.5
59.59	101.5
59.63	101.5
59.63	101.1924374
59.65187873	100.7
59.6912216	101.5
59.7	101.5
59.74	101.5
59.74	101.5
59.77814949	101.5
59.79	101.5
59.8036753	101.5
59.85686985	101.5
59.87	101.5
59.91	101.5
59.92740677	101.5
59.95	101.5
59.95	101.5
59.99032682	101.5
60	101.5
60.00771058	102.2
60.06862463	102.2
60.07	102.2
60.12	102.2
60.14746456	102.2
60.15	102.2
60.19868677	102.2
60.21107414	102.2
60.25076133	102.2
60.28	102.2
60.31527957	102.2
60.33	101.5
60.37	101.5
60.39202184	101.5
60.41226686	102.2
60.44	102.2
60.44391204	102.2
60.49	102.2
60.52	102.2
60.52	102.2
60.53904582	102.2
60.57	102.2
60.57	102.2
60.61072971	102.2
60.64	102.2
60.64100853	102.2
60.68	102.2
60.68	102.2
60.73	102.2
60.75180125	102.2
60.78080606	102.2
60.81	102.2
60.86	103
60.8684908	103
60.89	102.3916669
60.93	102.2
60.93	103
60.97	103
60.99630419	103
61.01	103
61.04263577	103
61.07027383	103
61.09	103
61.14196927	103
61.16322875	103
61.18	103
61.22	103
61.22	103.1469359
61.24338527	103.8
61.26	103
61.3	103
61.3	103
61.30725322	103
61.35	103
61.39	103
61.41696781	103
61.42	103
61.42	103
61.47	103
61.48564006	103
61.51	103
61.51956524	103
61.56	103
61.59	103
61.62	103
61.62	103
61.67	103
61.67	103
61.72	103
61.75	103
61.78419229	103
61.79	103
61.82453038	103
61.83	103
61.88	103
61.91	103
61.92788579	103.8
61.95	103.8
61.98234436	103
62	103
62.00103841	103
62.04	103.4842334
62.07644311	103.8
62.08306769	103.8
62.12	103.8
62.15	103.8
62.19319883	103
62.2103218	103.8
62.24	103.8
62.24	103.8
62.29	103.8
62.31911376	103.8
62.32	103.8
62.33644643	103.8
62.37	103.8
62.4	103.8
62.4	103.8
62.41365337	103.8
62.4666844	104.5
62.48	104.5
62.50525129	104.5
62.53075865	104.5
62.56	104.5
62.56	104.5
62.61	104.5
62.61	104.5
62.61769528	104.5
62.67762818	104.5
62.69	104.5
62.73	104.5
62.73	104.5
62.73	104.5
62.78	104.5
62.80134687	104.5
62.82	104.5
62.85	104.5
62.88458373	104.5
62.89	104.5
62.92886446	104.5
62.93	104.5
62.97	104.5
62.97	104.5
63.01843427	104.5
63.04683513	104.5
63.05	104.5
63.1	104.5
63.12113694	104.5
63.13	104.5
63.15347233	104.5
63.19	104.5
63.24	104.5
63.25966437	104.5
63.27	104.5
63.3	104.5
63.3	104.5
63.30125813	104.5
63.35	104.892974
63.38659069	105.3
63.3931356	104.5
63.43	104.9838438
63.45908603	105.3
63.46	105.3
63.50318548	105.3
63.51	105.3
63.55	105.3
63.55634132	105.3
63.6	105.3
63.63	105.3
63.63938102	105.3
63.67	104.6574625
63.71	104.5
63.71	104.9336562
63.73766373	105.3
63.76703957	105.3
63.79	105.3
63.81833241	105.3
63.83	105.3
63.87	105.3
63.88751048	105.3
63.91	105.3
63.91760166	105.3
63.97	105.8659609
64.01	106
64.03126127	106
64.04	106
64.04	106
64.08	106
64.08703983	106
64.12	105.6126409
64.16	105.3
64.17582324	105.3
64.2	105.3
64.2	105.6561926
64.23009466	106
64.25	106
64.29	106
64.32052627	105.3
64.33319765	106
64.37	106
64.42496012	106
64.43	106
64.47	106
64.50050792	106
64.52	106
64.52	106
64.56584068	106
64.59799778	106
64.61	105.3
64.65	105.3
64.66185984	106
64.7	106
64.74	106
64.76894536	106
64.77	106
64.80250128	106
64.82	106
64.86	106
64.86	106
64.86	106
64.91260307	106
64.93	106
64.95438643	106
64.98	106.7745411
65.02	106.8
65.03802288	106.8
65.06	106.738191
65.08630591	106
65.1	106
65.13454428	106.8
65.14	106.8
65.18857947	106
65.19076337	106.8
65.22	106.8
65.24984447	106.8
65.29940843	106.8
65.3	106.8
65.35	106.8
65.36466769	106.8
65.38	106.8
65.4287547	106.8
65.44	106.8
65.48	106.8
65.5	106.8
65.51422776	106.8
65.55	106.8
65.59	106.8
65.63294554	107.6
65.66122081	107.6
65.67	107.6
65.70062464	107.6
65.71	107.6
65.75	107.6
65.79553015	107.6
65.81801217	107.6
65.83	106.8
65.87	106.8
65.87744356	106.8
65.91	106.8
65.9113944	107.6
65.96	107.6
65.99875457	107.6
66	107.6
66.04	107.6
66.07844928	107.6
66.08	107.6
66.08305125	107.6
66.12	107.6
66.14011022	107.6
66.17	107.6
66.19831511	107.6
66.21518043	107.6
66.25	107.6
66.28	107.6
66.28940643	107.6
66.32	107.6
66.32	107.6
66.37145639	107.6
66.39618014	107.6
66.41	107.6
66.4405316	108.3
66.45	108.3
66.49	108.3
66.52250524	108.3
66.53	108.3
66.55041552	108.3
66.60098815	108.3
66.61	108.3
66.65	108.3
66.66561808	108.3
66.69	108.3
66.69	108.3
66.7419454	108.3
66.75	108.3
66.79	108.7867196
66.82	109.1
66.84439481	109.1
66.85	109.1
66.85	109.1
66.9	109.1
66.93753476	109.1
66.95686146	109.1
66.98	109.1
67.02	109.1
67.06	109.1
67.06	109.1
67.10025873	108.3
67.12816328	109.1
67.14	109.1
67.17540733	108.3
67.19	109.1
67.23	109.1
67.26449691	109.1
67.27	109.1
67.2998533	109.1
67.34509794	109.1
67.35233596	109.1
67.38	109.3636043
67.4049856	109.9
67.43101022	109.1
67.47	109.1
67.47	109.1
67.47925464	109.1
67.51	109.1
67.55	109.1
67.57222434	109.1
67.59	109.1
67.63	109.1
67.63	109.1
67.69	109.1
67.71	109.1
67.73211793	109.1
67.75	109.1
67.79	109.1
67.83875686	109.1
67.85	109.1
67.8762696	109.1
67.89	109.1
67.93	109.1
67.97568844	109.1
68	109.1
68.05211181	109.1
68.07145214	109.1
68.10656364	109.1
68.12	109.1
68.16	109.120324
68.16915386	109.9
68.2	109.9
68.2	109.9
68.20754609	109.9
68.26	109.9
68.29	109.7971436
68.32045029	109.1
68.33	109.1
68.36886306	109.9
68.37	109.9
68.42	109.9
68.44907948	109.9
68.45	109.9
68.46797359	109.9
68.49	109.9
68.50150106	109.9
68.54	109.9
68.57	109.9
68.63	109.1
68.65	109.1
68.66725226	109.9
68.69	109.9
68.69	109.9
68.74	109.9
68.76419286	109.9
68.78	109.9
68.8105191	109.9
68.84603502	109.9
68.85	109.9
68.89	110.0999522
68.91700294	110.6
68.94	110.6
68.94	110.6
68.99	109.9
69.00759692	109.9
69.03	110.6
69.06	110.6
69.0989057	110.6
69.1	110.6
69.140549	110.6
69.15	110.6
69.18	110.6
69.18127133	110.6
69.23	110.6
69.27	110.6
69.28819452	110.6
69.3	110.6
69.32263372	110.6
69.35	110.6
69.39	110.6
69.41958698	110.6
69.43	110.6
69.47	112.2
69.47389411	110.6
69.52	110.6
69.541849	110.6
69.56076001	110.6
69.59	110.6
69.63	110.6
69.65210137	110.6
69.67	110.6
69.67	110.6
69.72477876	110.6
69.73	110.6
69.77465386	111.8984205
69.79	112.2
69.79	112.2
69.84	112.2
69.84512295	112.2
69.88	112.2
69.91376558	112.2
69.92	112.2
69.92	112.2
69.92	112.2
69.98391318	112.2
70.01	112.2
70.03271897	112.2
70.04	112.2
70.09	112.2
70.10973293	112.2
70.12	112.2
70.16	112.2
70.17443923	112.2
70.21	112.2
70.25	112.2
70.26953211	112.2
70.3	112.2
70.35	112.2
70.36	112.2
70.36656467	112.9
70.41	112.9
70.44880015	112.9
70.45	112.9
70.50194829	112.7349107
70.53	112.2
70.5451497	112.2
70.57	112.682052
70.60858882	112.9
70.61726725	112.9
70.65	112.9
70.65153913	112.9
70.71	112.9
70.74	112.9
70.76740621	112.9
70.77	112.9
70.77	112.9
70.82	112.9
70.82	112.9
70.87	112.9
70.9	112.9
70.9141886	112.9
70.95	112.9
70.98	112.9
71.00509784	112.9
71.03	112.9
71.06245562	112.9
71.07	112.9
71.1	113.2545305
71.12598878	113.7
71.14	113.7
71.14134765	113.7
71.19	113.7
71.19959244	113.7
71.23	113.7
71.27	113.7
71.28813227	112.9
71.3	112.9
71.3407007	112.9
71.35	112.9
71.39	112.9
71.39	113.3436292
71.41927209	113.7
71.44712528	113.7
71.47	113.7
71.4897144	113.7
71.52	113.7
71.55	113.7
71.58239607	113.7
71.61159325	113.7
71.64	113.7
71.64	113.7
71.68	113.5580299
71.71	112.9
71.71	112.9
71.71	112.9
71.76	112.9
71.81829319	112.9
71.84	112.9216547
71.86749441	113.7
71.88	112.9
71.92	112.9
71.92	112.9
71.96321523	113.7
71.97723786	113.7
72.01	113.7
72.04	113.7
72.06826029	113.7
72.08	113.7
72.1104119	113.7
72.13	113.7
72.15819361	113.7
72.1911158	113.7
72.2	113.7
72.24	113.7
72.24	113.7
72.27783647	113.7
72.29	113.7
72.33	113.7
72.35625385	113.7
72.37	113.7
72.37	113.7
72.37	114.4
72.43	114.4
72.45	114.4
72.45395036	114.4
72.5	114.4
72.53638782	114.4
72.54715422	114.4
72.58	114.4
72.58547623	114.4
72.61	114.4
72.61643143	114.4
72.66	114.4
72.66	114.0877089
72.71628061	113.7
72.74	113.7
72.74	114.4
72.81	114.4
72.81	114.4
72.85234574	114.4
72.88	114.4
72.91	114.4
72.94	114.4
72.94934028	114.4
72.98	114.4
73.01658064	114.4
73.02	114.4
73.07	114.4
73.09508221	113.7
73.13519292	113.7
73.14	114.4
73.19	114.4
73.19930747	114.4
73.23	114.4
73.27	114.4
73.28940652	114.4
73.31	114.4
73.313931	114.4
73.36	114.4
73.4	114.4
73.41020835	114.4
73.43	114.4
73.43	114.4
73.4532194	114.4
73.49769132	114.4
73.51	114.4
73.55	114.4
73.56994506	114.4
73.59	114.4
73.62761067	114.4
73.64	114.4
73.66843745	114.4
73.71	114.4
73.76	115.2
73.76	115.2
73.79453222	115.2
73.8	115.2
73.85	114.8888928
73.88	114.4
73.89422878	115.2
73.93	115.2
73.97	115.2
73.99620003	115.2
74.01	115.2
74.05	115.2
74.053903	115.2
74.08	115.2
74.08	115.2
74.13	115.2
74.15134703	115.2
74.16	115.2
74.17999712	115.2
74.22076812	116
74.25	115.6525969
74.29	115.2
74.29	115.2
74.30342133	115.2
74.33	115.2
74.37	115.2
74.39331391	116
74.43	115.2
74.46	115.6030456
74.5	116
74.51203105	116
74.54	116
74.57883145	116
74.58	116
74.58	116
74.64051622	116
74.66	116
74.7	116
74.70516265	116
74.74	116
74.74	116
74.78314795	116
74.81581878	116
74.82	116
74.87	116
74.89905997	116
74.9	116
74.91188857	116
74.95	116.6397567
74.99	116.5002289
75.01395991	116
75.02	116
75.03979274	116
75.06	116
75.06811263	116
75.12	116
75.12640279	116
75.18272658	116
75.19	116
75.23	116
75.23	116.7
75.27	116.7
75.28555255	116.7
75.31	116.7
75.31464386	116
75.37	116
75.4	116
75.42643046	116
75.44	116
75.4745558	116
75.48	116
75.53	116
75.54764962	116
75.56	116
75.59498436	116
75.61902801	116
75.63	116
75.68	116.7
75.68	116.7
75.70782682	116.7
75.75270759	116.7
75.76	116.7
75.8	117.0092773
75.83632229	117.5
75.84	117.5
75.84	116.7
75.89491589	116.7
75.9	116.7
75.94758495	116.7
75.96	116.7
75.96	117.1035646
75.99730217	117.5
76.01697303	116.7
76.04	116.7
76.04	117.5
76.1	117.5
76.12	117.5
76.15285766	117.5
76.17	116.7
76.21	116.7
76.27	117.5
76.2958051	117.5
76.31141238	117.5
76.33	117.5
76.37	117.5
76.37	117.5
76.37126725	117.5
76.42	117.5
76.45883764	117.5
76.47159887	117.5
76.5	117.5
76.53	117.5
76.53	117.5
76.54556927	117.5
76.57	117.5
76.60297779	117.5
76.62	117.5
76.62	118.3
76.68	118.3
76.7	118.3
76.72608233	118.3
76.74	117.5
76.78	117.5
76.82580632	118.3
76.83	118.3
76.85978326	118.3
76.90620702	117.5
76.91834818	118.3
76.94	118.3
76.98	118.3
76.98	118.3
77.02157722	118.3
77.05538264	118.3
77.08	118.3
77.0950137	118.3
77.11	118.3
77.15	118.3
77.16992923	118.3
77.22	118.3
77.24901856	118.3
77.27	118.3
77.31	118.3
77.32129536	118.3
77.35	118.3
77.38265752	118.3
77.4	118.3
77.44	118.3
77.45177119	118.3
77.48	118.3
77.51	118.3
77.54293964	119
77.56723609	118.3
77.6	118.8559724
77.64	119
77.67005309	118.3
77.68	118.3
77.71791803	118.3
77.73	118.3
77.77	118.3
77.80371566	118.3
77.81999989	118.3
77.84	118.3
77.84	118.3
77.89	118.3
77.90517346	118.3
77.93	118.3
77.93	119
77.99240922	119
78	118.5084917
78.05	118.3
78.05106623	119
78.09	119
78.13	119
78.13	119
78.17	119
78.17	119
78.2065544	119
78.21705167	119
78.25	119
78.27430575	119
78.3	119
78.31673459	119
78.36091819	119
78.37	119.8
78.41	119.8
78.43763602	119
78.46	119
78.51	119
78.53590404	119
78.54	119
78.54906081	119
78.58	119.5989269
78.62	119.8
78.65269412	119.8
78.67	119.8
78.71	119.8
78.74855845	119.8
78.75988798	119.8
78.78	119.8
78.80830381	120.5
78.82	120.5
78.8558773	119.8
78.88	120.4040902
78.92	120.5
78.95033188	120.5
78.96	120.5
78.96386889	120.5
78.99	119.862699
79.03	119.8186537
79.04961615	120.5
79.07	120.5
79.11	120.5
79.13395761	120.5
79.15	120.5
79.15	120.5
79.2	120.5
79.23	120.5
79.23	120.5
79.28482564	120.5
79.31254616	120.5
79.32535895	120.5
79.35	120.5
79.35901306	120.5
79.4	120.5
79.4298337	120.5
79.45876062	120.5
79.47	120.5
79.4816097	120.5
79.52	120.5
79.54361851	120.5
79.56	120.5
79.6	120.5
79.6	120.5
79.61447561	120.5
79.65	120.5
79.69	120.5
79.72880561	120.5
79.73	120.5
79.73	120.5
79.77	120.5
79.80882945	120.5
79.82170569	121.3
79.85	121.3
79.85231818	121.3
79.88	121.3
79.89148566	120.5
79.93	120.5
79.97	120.5
80.00562662	120.5
80.04905171	120.5
80.05102353	120.5
80.09	120.5
80.12387469	120.5
80.13	120.5
80.17841438	120.5
80.18	120.5
80.18	121.3
80.23454832	121.3
80.25	120.8598298
80.29	120.5
80.29	120.9816996
80.33304398	121.3
80.34998305	120.5
80.37	120.5
80.40047448	121.3
80.42	121.3
80.46	121.3
80.5	121.3
80.50099803	121.3
80.54	121.3
80.56450143	121.3
80.58	121.3
80.62	121.3
80.66584563	120.5
80.68970054	121.3
80.7	121.3
80.7	121.3
80.76	121.3
80.78592308	121.3
80.795461	121.3
80.82	121.3
80.84026726	121.3
80.86	121.3
80.91	121.3
80.94286451	121.3
80.97015002	122.1
80.99	122.1
81.03	122.1
81.03	122.1
81.07065296	122.1
81.08	122.1
81.08	122.1
81.16	121.3
81.19901975	122.1
81.24	122.1
81.25549716	122.1
81.28	122.1
81.32	122.1
81.33743447	121.3
81.36	122.074643
81.4	122.1
81.43659509	122.1
81.44836453	122.1
81.48	122.1
81.52552168	122.1
81.56	122.1
81.6	122.1
81.6092359	122.1
81.64	122.1
81.65144205	122.8
81.68	122.8
81.72	122.8
81.72914449	122.8
81.76	122.8
81.80855599	122.8
81.81	122.8
81.85300549	122.8
81.86	122.8
81.9	122.8
81.93	122.8
81.93	122.8
81.95420595	122.8
81.97	122.8
82.01	122.8
82.01	122.8
82.06	122.8
82.09050592	122.8
82.12634148	122.8
82.14	122.8
82.18	122.8
82.20179099	122.8
82.22	122.8
82.27	122.8
82.29	122.8
82.30390115	122.8
82.33	122.8
82.38827019	122.8
82.39856986	123.6
82.42	123.6
82.46	123.6
82.5	123.6
82.50724312	122.8
82.54	122.8
82.58	122.8
82.61016456	123.6
82.64348263	123.6
82.66	123.6
82.69042238	123.6
82.71	123.6
82.75	123.6
82.75158194	123.6
82.81465577	123.6
82.83	123.6
82.87	123.6
82.89233065	123.6
82.91	123.6
82.91	123.0343383
82.94286946	122.8
82.96	123.5743515
83.00572527	123.6
83.03	123.6
83.03525294	123.6
83.07	123.6
83.08997385	123.6
83.11	123.6
83.16	123.6
83.1650635	123.6
83.2	123.6
83.23	123.6
83.23541549	123.6
83.27	123.6
83.27	123.6
83.32	123.6
83.35886393	123.6
83.36	123.6
83.36	123.6
83.4239462	123.6
83.44	123.6
83.46823331	123.6
83.48	124.4
83.52	124.4
83.52	124.4
83.56275645	124.4
83.5920818	124.4
83.6	124.4
83.65	124.4
83.67529749	124.4
83.68	124.4
83.7178821	124.4
83.73	124.4
83.77	124.4
83.81	124.4
83.81	124.4
83.83193031	124.4
83.85	125.1
83.89	125.1
83.9331994	124.4
83.95546725	124.4
83.98	124.4
84.01	124.4
84.01	124.7800579
84.04455378	125.1
84.05	124.4
84.1	124.4
84.1485975	124.4
84.17	124.4
84.19003042	125.1
84.21	124.4
84.25	124.4
84.2723473	124.4
84.3	124.4
84.36788273	124.4
84.38	124.6331134
84.41444771	125.1
84.42	124.4
84.46	124.4
84.46	124.4
84.49237458	124.4
84.505131	125.1
84.54	125.1
84.55665723	125.1
84.59	125.1
84.63	125.1
84.64130319	124.4
84.67	125.0034668
84.7	125.1
84.70127323	125.1
84.75	125.1
84.79	125.1
84.80785648	125.1
84.83	125.1
84.84087226	125.1
84.90305475	125.1
84.91	125.1
84.95	125.1
84.96169175	125.1
84.99	125.1
85.03	125.1
85.03	125.5026859
85.05334344	125.9
85.10206665	125.1
85.11	125.1
85.16	125.1
85.17801772	125.1
85.19	125.1
85.19	125.5883506
85.20686729	125.9
85.27187821	125.9
85.28	125.9
85.32	125.9
85.35656943	125.9
85.36	125.9
85.36	125.9
85.4	125.9
85.42962434	125.9
85.45	125.9
85.48	126.2527571
85.51457177	126.6
85.52	126.6
85.53513222	126.6
85.56	126.6
85.61826944	126.6
85.64624436	126.6
85.66342335	125.9
85.68	125.9
85.69924767	126.6
85.73	126.6
85.76280048	126.6
85.79	126.6
85.83262404	126.6
85.85	126.6
85.88880139	126.6
85.89	126.6
85.90410522	126.6
85.94	126.6
85.98	126.6
86.01	126.6
86.02778123	126.6
86.05	126.6
86.07273273	126.6
86.1	126.6
86.13	126.6
86.13	126.6
86.13	126.6
86.13904176	126.6
86.20687634	126.6
86.22	126.6
86.26	126.6
86.26	126.6
86.28702857	126.6
86.34	126.6
86.4	126.6
86.42	126.6
86.44352119	126.6
86.46	126.6
86.5	126.6
86.5045804	126.6
86.56	126.6
86.59	126.6
86.59	126.6
86.62653544	126.6
86.64788562	127.4
86.66	127.4
86.6864976	127.4
86.72	126.7927173
86.76560253	126.6
86.79	126.6633189
86.80351739	127.4
86.83	127.4
86.83	127.4
86.8729985	127.4
86.88	126.6
86.92	127.0029714
86.95	127.4
86.95	127.4
87	127.4
87.02439396	127.4
87.03	127.4
87.07	127.4
87.07954573	127.4
87.11	127.4
87.14812253	127.4
87.16	127.4
87.2	127.4
87.23876742	127.4
87.24	127.4
87.27808299	127.4
87.30316559	127.4
87.32	127.4
87.36857027	127.4
87.38798002	127.4
87.4	127.4
87.4	127.4
87.45	127.4
87.45	127.4
87.48022635	127.4
87.52940764	127.4
87.53381125	127.4
87.56	127.4
87.59723411	127.4
87.61	127.4
87.61	127.4
87.66	127.4
87.66391591	128.2
87.71786965	127.4
87.73	127.4
87.77	127.4
87.77	128.2
87.81	128.2
87.81771323	128.2
87.8829745	128.2
87.89	127.4
87.94	127.5489025
87.96724885	128.2
87.97	128.2
87.97	128.2
88.03	128.2
88.06661437	128.2
88.09	128.2
88.09	128.2
88.13856395	128.2
88.15315382	128.2
88.18	128.2
88.18929753	128.2
88.23	128.2
88.26	128.2
88.29879411	128.2
88.3	128.2
88.32419219	128.2
88.34	128.2
88.35928301	128.2
88.39	128.2
88.42290707	128.2
88.46826963	128.2
88.47859019	128.2
88.5	128.2
88.54	128.2
88.54481556	128.9
88.6	128.9
88.63	128.9
88.65575592	128.9
88.67306917	128.9
88.71	128.9
88.71101946	128.9
88.75	128.9
88.81799601	128.9
88.84	128.9
88.87	128.9
88.87924692	128.9
88.91	128.9
88.91	128.9
88.93008885	128.9
88.97388146	128.9
89	128.9
89.03	128.9
89.05744599	129.7
89.08553879	129.7
89.11	129.7
89.11	129.7
89.17042664	129.7
89.2	129.7
89.24	129.7
89.27878351	129.7
89.28	129.7
89.33	129.7
89.33	129.7
89.34081776	129.7
89.39877248	129.7
89.41	129.7
89.44493618	129.7
89.46	129.7
89.49	129.7
89.55494975	129.7
89.57	129.7
89.60862522	129.7
89.61	129.7
89.65	129.7
89.66792306	129.7
89.69	129.7
89.69	129.7
89.72893073	129.7
89.76014767	129.7
89.78	129.7
89.81	129.9391235
89.83144269	130.5
89.85	130.5
89.89847354	129.7
89.91	129.7
89.94877213	129.7
89.97	129.7
89.98108422	129.7
90.01	129.7
90.01901943	130.5
90.06	130.0159324
90.09044927	129.7
90.1	129.7
90.1	130.5
90.15	130.3962772
90.16762855	129.7
90.18	130.5
90.22	130.5
90.22	130.5
90.27190948	129.7
90.3	129.7
90.31112898	130.5
90.34	130.0620344
90.36732213	129.7
90.39567114	129.7
90.42	129.7
90.43085926	130.5
90.48	130.5
90.51	130.5
90.53743879	130.5
90.54	130.5
90.56507426	130.5
90.59	130.5
90.6384192	130.5
90.64	130.5
90.64303888	130.5
90.68	130.5
90.71	130.5
90.7335679	130.5
90.75	130.5
90.77977364	130.5
90.8	130.5
90.84	130.5
90.88228535	130.5
90.91	130.5
90.91890169	130.5
90.96	130.7718992
90.99852225	131.2
91	131.2
91.02190937	130.5
91.04	130.5
91.08	130.5
91.09165937	130.5
91.12	130.5
91.12384521	130.5
91.17	130.5
91.20449112	130.5
91.21	131.2
91.25	131.2
91.27448638	131.2
91.28	131.2
91.3258102	130.5
91.33405497	130.5
91.36	130.5
91.36	130.6637942
91.42	131.2
91.44	131.2
91.4452277	130.5
91.48	130.8798758
91.52063023	131.2
91.53	131.2
91.53	131.767361
91.56379671	132
91.57	132
91.57	131.2
91.63	131.2
91.65	131.2
91.6571442	131.2
91.69	131.5459289
91.72245587	132
91.73	132
91.73	131.3094883
91.76782116	131.2
91.7916057	132
91.82	132
91.83353708	131.2
91.86	131.2
91.89419453	131.2
91.90101359	131.2
91.94	131.2
91.94	131.4713172
91.96554712	132
91.98	132
92.02	132
92.04014134	132
92.06	132
92.06	132
92.1	132
92.13806241	132
92.15	132
92.19	132
92.22	132
92.22	132
92.26854367	132
92.27	132
92.31	132
92.34282532	132
92.37760293	132
92.38	132
92.43	132
92.44306463	132
92.46	132
92.49920069	132
92.52556088	132
92.55	132
92.58236135	132
92.59	132
92.61255847	132.8
92.64	132.8
92.67	132.8
92.72465081	132.8
92.75	132.8
92.75311959	132.8
92.79	132.8
92.81038909	132.8
92.85	132.8
92.88	132.8
92.88	132.8
92.93	132.8
92.96	132.8
92.96516927	132.8
93	132.8
93.03883392	132.8
93.04	132.8
93.05663439	133.5
93.09	132.8624662
93.13	132.8
93.15071725	132.8
93.16	132.8
93.16	133.3971085
93.21	133.5
93.25	133.5
93.25548383	133.5
93.28	133.5
93.29581298	133.5
93.32	133.5
93.36	133.5
93.37695275	133.5
93.41	133.5
93.45	133.5
93.46514128	133.5
93.49	133.5
93.50986497	133.5
93.53	133.5
93.55494435	133.5
93.58	133.5
93.61	133.5
93.61891519	133.5
93.66	133.5
93.69	133.5
93.69	133.5
93.69719388	133.5
93.73	133.5
93.75787598	133.5
93.77	133.5
93.81071307	133.5
93.83016197	133.5
93.85	133.5
93.85	133.5
93.89314972	133.5
93.90508036	133.5
93.94	133.5
93.94	133.5
93.95794548	133.5
93.98	133.5
94.02	133.5
94.06065064	133.5
94.07545798	133.5
94.1	133.5
94.14	133.5
94.14452858	133.5
94.19	133.5
94.22251023	133.5
94.23	133.5
94.26	133.5
94.26	133.5
94.3	133.5
94.35	133.5
94.39030827	134.3
94.40389304	133.5
94.43	133.5
94.44156896	133.5
94.47	133.5
94.50626423	133.5
94.51	133.5
94.5374384	134.3
94.56	134.3
94.60569744	134.3
94.63	134.3
94.64326069	134.3
94.67	134.3
94.70881941	134.3
94.71	134.3
94.72684506	134.3
94.76	134.3
94.78650265	134.3
94.83080291	134.3
94.84522967	134.3
94.88	134.3
94.91235531	134.3
94.92	134.3
94.92	134.3
94.94159016	134.3
94.97710459	134.3
95	134.3
95.02622486	134.3
95.04099884	134.3
95.08	134.3
95.08	134.3
95.11813355	134.3
95.13713705	134.3
95.17	134.3
95.2	134.3
95.21937423	135
95.25	134.3964497
95.28	134.3
95.28553285	135
95.36098259	135
95.37	135
95.3964477	135
95.41	135
95.47410144	135
95.48	135
95.49464318	135
95.54	135
95.57	135
95.59190793	135
95.61	135
95.64798564	135
95.66	135
95.66	135
95.66877225	135
95.72314617	135
95.73	135
95.77	135
95.7712833	135
95.82	135
95.83165383	135
95.87	135
95.9063865	135.8
95.93705467	135.8
95.94761017	135.8
95.98	135.5357817
96.00630622	135
96.02	135
96.02	135
96.03371795	135
96.08	135
96.13	135.7363172
96.15	135
96.15944248	135
96.19	135.480655
96.22650245	135.8
96.23	135.8
96.27585206	135
96.29936861	135
96.3	135
96.35	135
96.35726864	135.8
96.39	135.3610591
96.4176963	135
96.44	135.8
96.47	135.8
96.49975246	135.8
96.51	135.8
96.54055014	135.8
96.55	135.8
96.59	135.8
96.6323593	135.8
96.67	135.8
96.70886124	135.8
96.71	135.8
96.75	135.8
96.78594172	135.8
96.81	135.8
96.85319869	135.8
96.86876569	135.8
96.88	135.8
96.92	135.8
96.92	135.8
96.97	135.8
96.98999505	135.8
97.01	135.8
97.04	135.8
97.04515099	135.8
97.08	135.8
97.12573797	136.6
97.13	136.6
97.17	136.376734
97.20042905	135.8
97.21	135.8
97.24	135.8
97.28321461	135.8
97.29	135.8
97.31839425	136.6
97.33	136.6
97.38	136.6
97.39300596	136.6
97.41	136.6
97.45	136.6
97.45	136.6
97.46318597	136.6
97.49	136.6
97.5287764	136.6
97.53	136.6
97.56823152	136.6
97.59022149	136.6
97.61	136.6
97.61	136.6
97.65852912	136.6
97.66681376	136.6
97.69	136.6
97.69	136.6
97.75	136.6
97.77911073	136.6
97.78	136.6
97.78	136.6
97.82553051	136.6
97.84	136.6
97.84453556	136.6
97.9	136.6
97.9	136.6
97.95	136.7923047
97.97429194	137.3
97.99	137.3
98.03	137.3
98.06662612	136.6
98.07	136.6
98.11	136.6
98.14021548	136.6
98.16698643	136.6
98.19	136.6
98.22	136.6
98.22	136.6
98.2344631	136.6
98.27	136.6
98.27	136.6
98.28651862	136.6
98.32	136.6
98.35026182	136.6
98.36683433	136.6
98.39	137.0243995
98.43	137.3
98.43	137.3
98.44676835	137.3
98.48	137.3
98.52	137.3
98.53349345	137.3
98.55	137.3
98.56164029	137.3
98.6	137.3
98.6	137.3
98.63658458	137.3
98.64	138.1
98.68	138.1
98.70771922	138.1
98.72	138.1
98.76	138.1
98.76	138.1
98.8	138.1
98.82352753	138.1
98.84	138.1
98.84	138.1
98.87032439	138.1
98.9087047	138.1
98.92	138.7493392
98.96	138.9
98.96305015	138.1
99	138.1
99.03272013	138.9
99.05	138.9
99.09	138.9
99.09107065	138.9
99.13	138.5882756
99.15619126	138.1
99.17	138.9
99.21	138.9
99.21	138.9
99.21643756	138.9
99.26	138.9
99.29	138.9
99.31171853	138.9
99.33	138.9
99.33	138.2204369
99.36446057	138.1
99.37	138.1602646
99.37	138.9
99.43	138.9
99.45638573	138.9
99.48287183	138.9
99.49	138.9
99.49	138.9
99.54	138.9
99.54837936	138.9
99.57	138.9
99.57	138.9
99.61187911	138.9
99.63986989	138.9
99.65	138.9
99.7	138.9
99.70727595	138.9
99.74	138.9
99.7675074	139.6
99.79	139.6
99.82781463	139.6
99.84538959	138.9
99.87	138.9
99.88547547	138.9
99.91	138.9
99.95	138.9
99.95	138.9
99.95	139.6
100	139.6
100.0705826	138.9
100.1	139.6
100.1	139.6
100.1385235	139.6
100.2	139.6
100.2812624	138.9
100.3	139.6
100.3497676	139.6
100.4	139.6
100.4	139.6
100.4	139.6
100.4075868	139.6
100.5	139.6
100.5287974	139.6
100.6	139.6
100.6	139.6
100.6	140.4
100.7	140.4
100.7026965	140.4
100.8	140.4
100.8	140.4
100.8	140.4
100.9	140.4
100.9388605	140.4
101	140.4
101.0861776	140.4
101.1	140.4
101.1	140.4
101.1	140.4
101.2	140.4
101.2	140.4
101.2	140.4
101.2435247	140.4
101.3	140.4
101.3	140.4
101.3	141.0036827
101.4	141.1
101.4	141.1
101.4863237	140.4
101.5	140.4
101.5808554	140.4
101.6	140.4
101.6	140.7133085
101.6913741	140.4
101.7	141.1
101.8	141.1
101.8	141.1
101.9	141.1
101.9	141.1
101.9655702	141.1
102	141.1
102.0387697	141.1
102.1	141.1
102.1	141.1
102.133646	141.1
102.2	141.1
102.2	141.1
102.2	141.1
102.2694855	141.9
102.3	141.1
102.375672	141.1
102.4	141.1
102.4	141.1
102.4500573	141.1
102.5	141.1
102.5330142	141.1
102.6	141.1
102.6	141.1
102.6655087	141.9
102.7	141.2538523
102.7503026	141.1
102.8	141.1
102.8	141.1
102.8387021	141.1
102.9	141.1
102.9	141.1
103	141.1
103.1	141.9
103.1760757	141.9
103.2	141.9
103.2	141.9
103.2181289	141.9
103.3	141.9
103.3	141.9
103.3916408	142.7
103.4	142.7
103.4125101	142.7
103.5	142.7
103.6	142.7
103.6	142.7
103.6128863	141.9
103.7	141.9
103.7	141.9
103.8	141.9
103.8	141.9
103.8129548	142.7
103.9	142.7
103.9	142.7
103.9	142.7
103.9708801	142.7
104	142.7
104.1	142.7
104.1	142.7
104.1128507	142.7
104.2	142.7
104.2284757	142.7
104.3	142.7
104.3	142.7
104.3385874	142.7
104.4	142.7
104.4	142.7
104.4	142.7
104.4652375	142.7
104.5	142.7
104.513385	143.4
104.6	142.9793383
104.6970538	143.2671335
104.7	143.3817025
104.7498794	142.7
104.8	143.4
104.8127791	143.4
104.9	143.4
104.9	143.4
105	143.4
105.0282934	143.4
105.1	143.4
105.1	143.5495448
105.1860313	143.4
105.2	143.4
105.2290526	143.4
105.3	143.4
105.3	144.2
105.3	144.2
105.3597813	144.2
105.4	144.2
105.4	144.2
105.4971119	144.2
105.5	144.2
105.5079604	144.2
105.6	144.2
105.6552784	144.2
105.7	143.4
105.7	144.2
105.7760743	144.2
105.8	144.2
105.8128601	144.2
105.9	144.2
105.9	144.2
105.9	144.2
105.9027341	144.2
106	144.2
106.0970008	144.2
106.1	144.2
106.1654314	145
106.2	144.3916456
106.2026257	144.2
106.3	144.2
106.3	144.2
106.3341481	144.2
106.4	144.2
106.4	144.2
106.4862369	144.2
106.5	144.2
106.5129993	145
106.6	145
106.6	145
106.6446164	144.2
106.7	144.2
106.7655539	145
106.8	145
106.8	145
106.8	145
106.8	145
106.8911948	145
106.9	145
106.9	145
107	145
107.0708603	145.7
107.1	145.7
107.1	145.7
107.1	145.7
107.1654945	145.7
107.2	145.7
107.2	145.7
107.2181063	145.7
107.3	145.7
107.3	145.7
107.4	145.7
107.4027429	145.7
107.5	145.7
107.5652428	145.7
107.6	145.7
107.6	145.7
107.6970857	145.7
107.7	145.7
107.7	145.7
107.8	145.7
107.8654171	145.7
107.9	145.7
107.98137	145.7
108	145.7
108.0077124	146.5
108.1	146.5
108.1	145.809423
108.1605646	146.5
108.2	146.5
108.2	145.7
108.2715094	146.5
108.3	146.5
108.3179848	146.5
108.4	146.5
108.4	146.5
108.4	146.5
108.4548654	146.5
108.5	146.5
108.5025563	146.5
108.6	146.5
108.6	146.5
108.613016	146.5
108.7	146.5
108.7	146.5
108.7971413	146.5
108.8	146.5
108.8913208	147.2
108.9	147.2
108.9	147.2
108.9859421	147.2
109	146.5
109.0445187	147.2
109.1	147.2
109.1	147.2
109.1	147.2
109.1180297	147.2
109.2	147.2
109.2492752	147.2
109.3	147.2
109.3861384	147.2
109.4	147.2
109.4078122	147.2
109.5	147.2
109.6	147.2
109.6391173	148
109.7	148
109.7	148
109.7504682	147.2
109.8	147.2
109.8	148
109.8760463	148
109.9	148
109.9	148
109.9490833	148
110	148
110.1	147.8987625
110.1	147.2
110.1708893	147.2
110.2	148
110.2969799	148
110.3	148
110.3125787	148
110.4	148
110.4	148
110.4443602	148
110.5	148
110.5291012	148
110.6	148
110.6	148
110.6651432	148
110.7	148
110.7	148
110.8	149.5
110.8708498	149.5
110.9	148
110.9	148
110.9761149	149.5
111	149.5
111.086385	149.5
111.1	149.5
111.1	149.5
111.1602391	149.5
111.2	149.5
111.2077865	150.3
111.3	150.3
111.3	149.5
111.3234568	150.3
111.4	149.5710849
111.4131596	150.3
111.5	150.3
111.5762263	150.3
111.6	149.5
111.6	150.3
111.6180834	150.3
111.7	150.3
111.7971536	150.3
111.8	150.3
111.8708407	150.3
111.9	150.3
111.9	150.3
111.9	150.3
111.9025734	150.3
112	151.1
112.0499048	150.3
112.1	150.3
112.1760827	150.3
112.2	150.3
112.2	150.6141989
112.2969474	150.3
112.3	150.3
112.3	150.3
112.3	150.3
112.4	150.6145864
112.4	151.1
112.4284182	151.1
112.5	151.1
112.5865039	151.1
112.6	151.1
112.6	150.3
112.6863669	151.1
112.7	151.1
112.7281004	150.3
112.8	150.9055855
112.8709342	151.1
112.9	151.1
112.9	151.1
112.9865545	151.1
113	151.1
113.0757683	151.1
113.1	151.1
113.1337	151.1
113.2	150.4942437
113.2	150.3
113.3	150.3
113.3	150.3
113.302588	150.3
113.4	150.3
113.4759265	151.1
113.5	151.1
113.5287629	151.1
113.6	151.1
113.7	151.1
113.7	151.1
113.7970619	151.1
113.8	151.1
113.8	151.1
113.8447311	151.1
113.9	151.1
113.9811794	151.1
114	151.8
114.0552967	151.1
114.1	151.8
114.1	151.8
114.1596229	151.8
114.2	151.8
114.2	151.8
114.2	151.7790754
114.3	151.8
114.3	151.8
114.3864212	151.1
114.4	151.6683648
114.4	151.8
114.4394053	151.1
114.5	151.2626434
114.5971409	151.8
114.6	151.8
114.6703791	151.8
114.7	151.8
114.7	151.8
114.7	151.8
114.7387316	151.8
114.8	151.8
114.8	151.8
114.802721	151.8
114.9	152.3581897
114.9	152.6
114.9129717	152.6
115	152.6
115.055197	151.8
115.1	152.4427598
115.1	152.6
115.1348214	151.8
115.2	152.6
115.2	152.6
115.2	152.6
115.2499539	152.6
115.3	152.6
115.3	152.6
115.3	152.6
115.3603618	152.6
115.4	152.6
115.4	152.6
115.4179792	152.6
115.5	152.6
115.5915401	152.6
115.6	152.6
115.6	152.6
115.6445027	152.6
115.7	152.6
115.7	152.6
115.7970266	152.6
115.8	153.4
115.8181845	153.4
115.9	152.6
115.9282919	152.6
116	152.6
116.0079246	152.6
116.1	153.4
116.1	153.4
116.1	153.4
116.1708397	153.4
116.2	153.4
116.2	152.6
116.2971399	152.74614
116.3	153.4
116.3	153.4
116.3283123	153.4
116.4	153.4
116.4	153.4
116.4	153.4
116.5	153.4
116.5285404	153.4
116.6	153.4
116.6	153.4
116.7	154.1
116.7	154.1
116.7919088	154.1
116.8	154.1
116.8	154.1
116.9	154.1
116.9	154.1
116.9706553	154.1
117	154.1
117.0809581	154.9
117.1	154.9
117.1	154.9
117.1229711	154.1
117.2	154.1
117.265293	154.1
117.3	154.9
117.3759383	154.9
117.4	154.1
117.4	154.1
117.5	154.9
117.5549815	154.9
117.6	154.9
117.6	154.9
117.6027035	154.1
117.7	154.4609631
117.7553985	154.9
117.8	155.6
117.8971253	154.9
117.9	154.9
117.9338393	154.9
118	154.9
118.0862558	154.9
118.1	155.6
118.1810393	155.6
118.2	154.9
118.2	154.9
118.2704476	155.6
118.3	155.6
118.3	155.6
118.4	155.6
118.4	155.6
118.4913966	155.435057
118.5	154.9
118.5764588	154.9
118.6	155.4303619
118.6	155.6
118.64491	155.6
118.7	155.6
118.7	155.6
118.7609651	155.6
118.8	155.6
118.87085	155.6
118.9	155.6
118.9	155.6
118.9077727	156.4
119	156.4
119.0441219	156.4
119.1	155.8345261
119.1182673	155.6
119.2	155.6
119.2	155.6
119.2	155.6
119.3	155.8370272
119.3	156.4
119.3	156.4
119.3813239	156.4
119.4	156.4
119.4393741	156.4
119.5	156.4
119.5708433	156.4
119.6	156.4
119.6	156.4
119.6445506	157.2
119.7	157.2
119.7	157.2
119.7332968	157.2
119.8	157.2
119.8	157.2
119.8	157.2
119.8	156.8088251
119.8862389	156.4
119.9	157.2
119.9	157.2
120	157.2
120.0388347	157.2
120.1	157.2
120.1	157.2
120.1077799	157.2
120.2	157.2
120.2	157.2
120.2916288	157.2
120.3	157.2
120.3	157.2
120.3183154	157.2
120.4	157.2
120.4025553	157.2
120.5	157.6589448
120.5605429	157.2
120.6	157.2
120.6	157.2
120.7	157.2
120.7	157.8031031
120.7860177	157.9
120.8	157.2
120.8	157.2
120.8128499	157.2
120.9	157.2
120.9	157.4804145
120.9708012	157.2
121	157.9
121.0758944	157.9
121.1	157.9
121.1	157.9
121.1710617	157.9
121.2	157.9
121.2	157.9
121.238319	157.9
121.3	157.9
121.3	157.9
121.3	157.9
121.3917632	157.9
121.4	157.9
121.4553355	157.9
121.5	157.9
121.5970612	158.7
121.6	158.7
121.6602818	158.7
121.7	158.7
121.7	158.7
121.8	158.7
121.8	158.7
121.8	158.7
121.8757518	158.7
121.9	158.7
121.912998	158.7
122	158.7
122.0860042	158.7
122.1	158.7
122.1	158.7
122.1	158.7
122.2	158.7
122.2	158.7
122.2655037	158.7
122.3	158.7
122.3	158.7
122.3589707	158.7
122.4	158.7
122.4	158.4235864
122.5	158.7
122.5337401	158.7
122.6	158.7
122.6708805	158.7
122.7	158.7
122.7	158.7
122.7	158.7
122.8	158.7
122.8	158.7
122.8854912	158.7
122.9	158.7
122.9	158.7
122.9	158.7
122.9813601	159.5
123	159.5
123.0385507	159.5
123.1	159.5
123.1026383	159.5
123.2	159.5
123.2	159.5
123.2	159.5
123.2863948	159.5
123.3	159.5
123.3	158.7
123.3863035	159.5
123.4	159.5
123.4	159.5
123.4454736	159.5
123.5	159.5
123.5760277	159.5
123.6	159.5
123.6759739	159.5
123.7	159.5
123.7	159.5
123.760431	159.5
123.8	159.5
123.8	159.5
123.8915438	159.5
123.9	159.5
123.9550715	159.5
124	159.5
124.091323	160.2
124.1	160.2
124.134056	160.2
124.2	160.2
124.2442742	160.2
124.3	160.2
124.3	161
124.4	161
124.4	161
124.5	161
124.5498197	161
124.6	161
124.6	161
124.6915795	161
124.7	161
124.7	161
124.7233125	161
124.8	161
124.8	161.7
124.829382	161.7
124.9	161.7
124.9	161.7
124.9164252	161.7
125	161.7
125.0286854	161.7
125.1	162.3865823
125.1	162.5
125.1	162.5
125.1811115	161.7
125.2	161.7
125.2	161.7
125.3	161.7
125.3607711	162.5
125.4	162.5
125.4	162.5
125.4335061	161.7
125.5	162.5
125.5501034	162.5
125.6	161.8212223
125.6	161.9696554
125.665209	162.5
125.7	162.5
125.7	162.5
125.7290277	162.5
125.8	162.5
125.8	162.5
125.8442006	162.5
125.9	162.5
125.9	163.3
125.9	162.5
126	162.5
126.0239447	163.3
126.1	163.3
126.1	163.3
126.1234047	163.3
126.2	163.3
126.2914416	164
126.3	163.3
126.3	163.3
126.360977	163.3
126.4	163.3
126.4	163.3
126.4549181	163.3
126.5	163.3
126.544657	163.3
126.6	163.3
126.6349412	163.3
126.7	163.3
126.7	163.3
126.8	163.3
126.8	164
126.8913028	164
126.9	164
126.9	164
126.950439	164
127	164
127.0916617	164.8
127.1	164.8
127.1	164.8
127.1	164.8
127.1555468	164.8
127.2	164
127.2	164.8
127.249251	164.8
127.3	164.8
127.3	164.8
127.3337068	164.8
127.4	164.8
127.4	164.8
127.4785366	164.8
127.5	164.8
127.5444317	164.8
127.6	164.8
127.6	164.8
127.7	164.8
127.7	164.8
127.7759826	164.8
127.8	164.8
127.8	165.6
127.8865544	164.8
127.9	164.8
127.9	164.8
127.9810097	164.8
128	164.8
128.0085489	165.6
128.1	165.6
128.1	165.6
128.180764	165.6
128.2	165.6
128.2759111	165.6
128.3	165.6
128.3657126	166.3
128.4	166.3
128.4	166.3
128.4969691	166.3
128.5	166.3
128.5552606	166.3
128.6	166.3
128.6914371	166.3
128.7	166.3
128.7554454	167.1
128.8	167.1
128.8336839	167.1
128.9	167.1
128.9498052	167.8
129	167.1
129.044859	167.1
129.1	167.1
129.1	167.1
129.1439523	167.1
129.2	167.1
129.2808537	167.8
129.3	167.8
129.3809458	167.1
129.4	167.1
129.4	167.1
129.4809275	167.1
129.5	167.1
129.5238337	167.1
129.6	167.1
129.6970005	167.8
129.7	167.8
129.7174083	167.8
129.8	167.8
129.8	167.8
129.8	167.8
129.8500695	167.8
129.9	167.8
129.9284564	167.8
130	167.8
130.0971162	168.6
130.1	168.6
130.1	168.36035
130.1332107	167.8
130.2	167.8
130.2	168.069368
130.2439347	168.6
130.3	168.6
130.3971172	168.6
130.4	168.6
130.4	168.6
130.4338261	168.6
130.5	168.6
130.5759106	168.6
130.6	168.6
130.6	168.6
130.7	168.6
130.7	168.6
130.7813308	169.4
130.8	169.4
130.8333694	169.4
130.9	169.4
130.9500055	169.4
131	169.4
131.1	169.4
131.1	169.4
131.1765885	169.4
131.2	169.4
131.2079983	169.4
131.3	169.4
131.3	170.1
131.4	169.4226895
131.4915927	170.1
131.5	170.1
131.5603069	170.1
131.6	170.1
131.6596522	170.1
131.7	170.1
131.7	170.1
131.7498578	170.1
131.8	170.1
131.8	170.1
131.8810282	170.1
131.9	170.1
131.9970048	170.9
132	170.9
132.0760189	170.9
132.1	170.9
132.1	170.9
132.1182664	170.9
132.2	170.9
132.2	170.5396121
132.2423424	170.9
132.3	170.9
132.3	170.9
132.3082763	170.9
132.4	170.9
132.4916921	170.9
132.5	170.9
132.5552998	170.9
132.6	170.9
132.6	170.9
132.6079038	170.9
132.7	170.9
132.7	170.9
132.7439178	171.7
132.8	171.0923462
132.8971084	170.9
132.9	170.9
132.9	170.9
132.9236737	170.9
133	171.5475597
133.0707412	170.9
133.1	170.9
133.1863932	170.9
133.2	170.9627213
133.3	170.9
133.3	170.9
133.3026328	170.9
133.4	170.9
133.4	170.9
133.4	171.7
133.4909706	171.7
133.5	171.7530155
133.5916074	172.4
133.6	172.4
133.6	172.4
133.6335904	172.4
133.7	172.4
133.7	172.4
133.8	172.4
133.8	172.4
133.8335916	172.4
133.9	172.4
133.9	172.4
133.9813206	172.4
134	172.4
134.1	172.4
134.1	172.4
134.1345084	172.4
134.2	172.4
134.2395312	172.4
134.3	172.4
134.3	172.4
134.4	173.2
134.4	172.9231809
134.5	173.2
134.5026849	173.2
134.6	173.2
134.6	173.2
134.6654592	173.2
134.7	173.2
134.7	173.2
134.7970528	173.2
134.8	173.2
134.8	173.2
134.8080443	173.2
134.9	173.2
134.9	173.2
134.9444879	173.2
135	173.2
135.0287797	174
135.1	174
135.1708381	174
135.2	174
135.3	174
135.3441271	174
135.4	174
135.4	174
135.460514	174.7
135.5	174.0218779
135.5551655	174
135.6	174
135.6	174.7
135.6699745	174
135.7	174.7
135.7	174.7
135.8	174.7
135.8131425	174.7
135.9	174.7
135.9	174.7
135.9077711	174.7
136	174.7
136.0128309	174.7
136.1	175.3902137
136.2	174.7
136.2	174.7
136.3	174.7
136.3499395	175.5
136.4	175.5
136.4912956	175.5
136.5	175.5
136.5132089	174.7
136.6	174.7
136.6	175.048382
136.6291498	175.5
136.7	175.5
136.7	175.5
136.7179763	175.5
136.8	175.5
136.8862692	175.5
136.9	176.2
136.9295819	176.2
137	176.2
137.0500336	176.2
137.1	176.2
137.1	176.2
137.1	176.2
137.2	176.2
137.2	176.2
137.2341564	176.2
137.3	176.2
137.3	176.2
137.3025656	175.5
137.4	175.5
137.5	176.2
137.544262	176.2
137.6	176.2
137.6	176.2
137.6762717	176.2
137.7	176.2
137.7	176.2
137.7	176.2
137.7560055	176.2
137.8	176.2
137.8655531	177
137.9	177
137.9760768	176.2
138	177
138.0758347	177
138.1	177
138.1	177
138.1708414	177
138.2	177
138.2	177
138.2286443	177
138.3	177
138.3	177
138.3608509	177
138.4	177
138.4	177
138.4447143	177
138.5	177
138.5389457	177
138.6	177
138.6707699	177
138.7	177.7744125
138.7	177
138.7709862	177.8
138.8	177.8
138.8915309	177
138.9	177
138.9	177.1443636
138.9642867	177.8
139	177.8
139.075636	177.8
139.1	177.8
139.1603417	177.8
139.2	177.8
139.2	177.8
139.2235368	177
139.3	177
139.3	177
139.3177551	177.8
139.4	177.8
139.4	177.8
139.5	177.8
139.5915783	177.8
139.6	177.8
139.6	177.8
139.6	178.5
139.7	178.5
139.7	178.5
139.8	177.8
139.807686	177.8
139.9	178.3239716
139.9	179.3
139.959334	178.5
140	178.5
140.0971069	178.5
140.1	178.5
140.1	178.5
140.1548314	178.5
140.2	178.5
140.2	178.5
140.2127495	178.5
140.3	178.5
140.3	178.5
140.3548774	179.3
140.4	179.3
140.4658809	179.3
140.5	179.3
140.5656211	178.5
140.6	179.3
140.6	179.3
140.6759583	179.3
140.7	179.3
140.7546632	178.5
140.8	179.3
140.8	179.3
140.8505229	179.3
140.9	179.3
140.986296	179.3
141	179.3
141.0864606	179.3
141.1	179.3
141.1180213	179.3
141.2	179.3
141.2	179.3
141.3	180.1
141.3230384	180.1
141.4	180.1
141.4	180.1
141.5	180.1
141.5339093	180.1
141.6	180.1
141.6	180.1
141.623403	180.1
141.7	180.1
141.7	180.1
141.7341546	180.1
141.8	180.1
141.8	180.1
141.8230557	180.77842
141.9	180.8
141.9	180.8
141.9	180.1971811
141.9860621	180.1
142	180.8
142.0813953	180.8
142.1	180.8
142.118202	180.8
142.2	180.8
142.2867414	180.8
142.3	180.8
142.3	180.8
142.3551991	180.8
142.4	180.8
142.5	180.8
142.5025636	180.8
142.6	181.1528909
142.6	181.6
142.6288368	180.8
142.7	181.4490048
142.7	181.6
142.7	180.8
142.7811301	180.8
142.8	180.8
142.8391791	180.8
142.9	180.8
142.9	180.8
142.9812125	180.8
143	181.6
143.0916721	181.6
143.1	181.6
143.1	181.6
143.1139181	181.6
143.2	180.8241357
143.2	180.8
143.2499978	180.8
143.3	181.6
143.3128181	181.6
143.4	181.6
143.4	181.6
143.4079042	181.6
143.5	181.6
143.5178062	181.6
143.6	181.6
143.6553174	181.6
143.7	181.6
143.7	181.6
143.7713006	181.6
143.8	181.6
143.8708863	181.6
143.9	181.6
143.9	181.6
143.9388973	181.6
144	181.6
144.0708697	182.3
144.1	182.3
144.1286554	182.3
144.2	182.3
144.2390462	181.6
144.3	182.2381428
144.3	182.3
144.3562552	182.3
144.4	182.3
144.4	182.3
144.4232124	182.3
144.5	182.3
144.5286098	182.3
144.6	182.9467318
144.6662563	183.1
144.7	182.3
144.7551111	182.3
144.8	182.3
144.9	183.1
144.9	182.3
144.902757	183.1
145	183.1
145.0701718	183.1
145.1	183.1
145.1	183.1
145.1441155	183.1
145.2	183.1
145.2969801	182.3
145.3	182.3
145.3969077	182.3
145.4	182.3
145.4603165	182.3
145.5	182.3
145.502509	183.1
145.6	183.1
145.6079013	182.3
145.7	182.3
145.7	182.3616152
145.7286909	183.1
145.8	183.1
145.897075	183.1
145.9	183.1
145.9	183.1
146	183.1
146.0717285	183.1
146.1	183.1
146.1	183.9
146.1230109	183.9
146.2	183.123284
146.3	183.9
146.3604854	183.9
146.4	183.9
146.4812164	183.9
146.5	183.9
146.6	184.6
146.6	184.6
146.6	184.6
146.6759472	184.6
146.7	184.6
146.7661278	184.6
146.8	184.6
146.8	184.6
146.9	184.6
146.9655435	185.4
147	185.4
147.023669	184.6
147.1	184.6
147.1025723	184.6
147.2	184.822613
147.2	185.4
147.2971813	184.6
147.3	184.6
147.3	184.6
147.3337447	185.4
147.4	185.4
147.4	184.9932589
147.4182034	184.6
147.5	185.0862713
147.5555984	185.4
147.6	185.4
147.6811107	185.4
147.7	185.4
147.7	185.4
147.7	185.4
147.7186079	185.4
147.8	185.4
147.8	185.4
147.9	185.4
147.9	185.4
147.9236514	185.4
148	185.4
148.0077019	185.4
148.1	185.4
148.1	186.0763553
148.1498271	185.4
148.2	185.4
148.2181212	186.9
148.3	186.9
148.3	186.9
148.3501342	185.4
148.4	186.9
148.4	186.9
148.4551688	186.9
148.5	186.9
148.5388796	186.9
148.6	185.4
148.6	186.9
148.6602896	186.9
148.7	186.9
148.7229845	186.9
148.8	186.9
148.8	186.9
148.8	186.9
148.8385878	186.9
148.9	186.9
148.912989	187.7
149	187.7
149.0760498	186.9
149.1	186.9
149.1	186.9
149.1549126	187.7
149.2	186.9
149.2	186.9
149.2604591	186.9
149.3	186.9
149.3452518	186.9
149.4	186.9
149.4	186.9
149.4753526	186.9
149.5	186.9
149.5442209	186.9
149.6	186.9
149.6230967	187.7
149.7	187.7
149.7	187.7
149.7	187.7
149.733545	187.7
149.8	186.9687869
149.8604675	187.7
149.9	187.7
149.9499261	187.7
150	187.7
150.0285843	187.7
150.1	187.7
150.2	189.2
150.2	187.7
150.2551969	189.2
150.3	187.7
150.3282124	187.7
150.4	187.7
150.4	189.2
150.4128322	189.2
150.5	187.8289302
150.5342138	187.8987988
150.6	189.2
150.6	189.2
150.6077379	189.2
150.7	189.2
150.7	189.2
150.7281848	189.2
150.8	189.2
150.8	189.2
150.8	189.2
150.8701453	189.2
150.9	189.2
150.9	190
151	189.2
151.0916041	190
151.1	189.2
151.1	190
151.1231371	189.2
151.2	189.9312639
151.2127544	190
151.3	190
151.3	190
151.4	190
151.4	190
151.4	190
151.5	190
151.5284657	190
151.6	190
151.6	190
151.6155796	190
151.7	190
151.7	190
151.7390642	190
151.8	190
151.8	190
151.8	190
151.8240665	190
151.9	190
151.9	190
151.9915078	190
152	190.1278644
152.0235858	190.7
152.1	190.7
152.1	190.7
152.1499278	190.7
152.2	190.7
152.2	190.7
152.2130664	190.7
152.3	190.7
152.3707502	190.7
152.4	190.7
152.4	190.7
152.4232042	190.7
152.5	190.7
152.5602861	190.7
152.6	190.7
152.6600645	190.7
152.7	190.7
152.7183768	190.7
152.8	190.7
152.8	190.7
152.8343052	190.7
152.9	190.7
152.9	190.7
152.996916	190.7
153	190.7
153.0445258	190.7
153.1	190.7
153.1239786	190.7
153.2	190.7
153.2	190.7
153.2027322	190.7
153.3	191.2165145
153.3	191.5
153.3783446	190.7
153.4	190.7
153.4130934	190.7
153.5	190.7
153.5914792	190.7
153.6	190.7
153.6180503	190.7
153.7	190.7
153.7127899	190.7
153.8	190.7
153.8	190.7
153.9	190.7
153.9654686	190
